0.342370837402 2.1332336792 -9.85932243652 3.78044442139 -9.09796630859 -1.10612116699
0.16041151123 2.08295544434 -9.88565865479 3.85945307617 -9.15063874512 -1.10133276367
0.349553442383 2.15478149414 -9.7827079834 3.72777198486 -9.02374605713 -1.17076461182
0.337582434082 2.1332336792 -9.7827079834 3.79002122803 -8.99262143555 -1.11330377197
0.337582434082 2.09253225098 -9.82101520996 3.88339509277 -9.07402429199 -1.21864864502
0.450109912109 2.06140762939 -9.92636008301 3.90254870605 -9.11711992188 -1.14682259521
0.366312854004 2.14281048584 -9.89523546143 3.83551105957 -9.08360109863 -1.09893856201
0.31124621582 2.05901342773 -9.8665050415 3.85945307617 -9.16260975342 -1.06781394043
0.354341845703 2.11647426758 -9.8784760498 3.87142408447 -9.13148513184 -1.04626612549
0.366312854004 2.12605107422 -9.84735142822 3.88818349609 -9.05487067871 -1.10133276367
0.30406361084 2.17154090576 -9.84735142822 3.83311685791 -9.1458503418 -1.09175595703
0.320823022461 2.13083947754 -9.84016882324 3.87860668945 -9.13627353516 -1.1899182251
0.351947644043 2.15956989746 -9.78510218506 3.84269366455 -9.10993731689 -1.12048637695
0.349553442383 2.16196409912 -9.81383260498 3.80678063965 -9.10993731689 -0.931344445801
0.3064578125 2.12365687256 -9.83298621826 3.86184727783 -9.09078370361 -1.06781394043
0.361524450684 2.12365687256 -9.8784760498 3.84269366455 -9.18894597168 -1.13006318359
0.320823022461 2.15956989746 -9.88565865479 3.69664736328 -9.1338793335 -1.07260234375
0.373495458984 2.085349646 -9.74918916016 3.81635744629 -9.05726488037 -1.10133276367
0.284909997559 2.09013804932 -9.88565865479 3.80199223633 -9.07163009033 -1.02711251221
0.359130249023 2.11647426758 -9.88565865479 3.81875164795 -9.14106193848 -1.08936175537
0.342370837402 2.1332336792 -9.80665 3.67988795166 -9.05965908203 -1.05344873047
0.29927520752 2.09492645264 -9.86411083984 3.87621248779 -9.12909093018 -1.06781394043
0.502782348633 2.10689746094 -9.7707369751 3.89776030273 -9.27753143311 -0.974440075684
0.289698400879 2.085349646 -9.82580361328 3.90733710937 -9.06444748535 -1.00317049561
0.426167895508 2.0973206543 -9.72045874023 3.73495458984 -8.99501563721 -1.02950671387
0.354341845703 2.05183082275 -9.78749638672 3.86424147949 -9.16021555176 -1.08457335205
0.354341845703 2.20984813232 -9.89044705811 3.82114584961 -9.20091697998 -1.11569797363
0.29927520752 2.21224233398 -9.94072529297 3.84748206787 -9.2176763916 -1.09654436035
0.30166940918 2.13802208252 -9.8425630249 3.81156904297 -9.11233151855 -0.92655604248
0.320823022461 2.11168586426 -9.84495722656 3.97916315918 -9.18415756836 -1.01753570557
0.162805712891 2.28167418213 -9.90481226807 3.87142408447 -9.09557210693 -1.13724578857
0.323217224121 2.1452046875 -9.91917747803 3.88100089111 -9.26077202148 -1.00077629395
0.320823022461 2.10689746094 -9.94551369629 3.85705887451 -9.12669672852 -0.952892260742
0.320823022461 2.03028300781 -9.86889924316 3.68228215332 -9.03571706543 -1.01992990723
0.296881005859 2.14041628418 -9.88087025146 3.80199223633 -9.04050546875 -1.08936175537
0.335188232422 2.11647426758 -9.82819781494 3.87860668945 -9.13148513184 -1.03429511719
0.390254870605 2.05661922607 -9.89284125977 3.86184727783 -9.16021555176 -0.950498059082
0.447715710449 2.01831199951 -9.77552537842 3.86663568115 -8.8992475708 -0.952892260742
0.335188232422 2.13562788086 -9.7348239502 3.86424147949 -9.13627353516 -1.02471831055
0.45250411377 2.14041628418 -9.71088193359 3.90973131104 -9.01895765381 -1.10851536865
0.328005627441 2.14281048584 -9.95269630127 3.89776030273 -9.03571706543 -1.01753570557
0.344765039063 2.15478149414 -9.80186159668 3.88339509277 -9.1697923584 -1.00317049561
0.339976635742 2.05183082275 -9.92636008301 3.90973131104 -9.12430252686 -1.04387192383
0.363918652344 2.08056124268 -9.95748470459 3.94085593262 -9.10036051025 -1.02950671387
0.392649072266 2.22660754395 -9.8305920166 3.92170231934 -9.16021555176 -1.08217915039
0.363918652344 2.17154090576 -9.66299790039 3.90733710937 -9.09796630859 -1.05344873047
0.335188232422 2.15478149414 -9.90720646973 3.89297189941 -9.1578213501 -1.01992990723
0.339976635742 2.1571756958 -9.78031378174 3.89057769775 -9.10036051025 -1.02950671387
0.361524450684 2.1212626709 -9.81622680664 3.89057769775 -9.08838950195 -0.974440075684
0.399831677246 2.10210905762 -9.76355437012 3.90973131104 -9.03571706543 -1.01753570557
0.435744702148 2.13802208252 -9.8784760498 3.91691391602 -9.10754311523 -1.01514150391
0.409408483887 2.1571756958 -9.86889924316 3.93127912598 -9.05726488037 -1.05344873047
0.392649072266 2.08774384766 -9.87608184814 3.89297189941 -9.09557210693 -0.948103857422
0.354341845703 2.08295544434 -9.87129344482 3.87860668945 -9.08360109863 -1.00317049561
0.361524450684 2.08295544434 -9.84016882324 3.90973131104 -9.07641849365 -0.984016882324
0.363918652344 2.07816704102 -9.88805285645 3.92170231934 -9.08120689697 -1.01514150391
0.411802685547 2.12605107422 -9.89762966309 3.88818349609 -9.15063874512 -1.02950671387
0.416591088867 2.06380183105 -9.93354268799 3.87621248779 -9.1219083252 -1.01274730225
0.351947644043 2.03028300781 -9.8425630249 3.88818349609 -9.06684168701 -0.797269152832
0.349553442383 2.14999309082 -9.90720646973 3.90254870605 -9.17458076172 -0.955286462402
0.344765039063 2.085349646 -9.8784760498 3.94085593262 -9.19134017334 -0.967257470703
0.354341845703 2.07098443604 -9.89762966309 3.87860668945 -9.18655177002 -0.998382092285
0.390254870605 2.10689746094 -9.62947907715 3.83072265625 -8.97346782227 -0.988805285645
0.46208092041 2.11647426758 -9.8545340332 3.84269366455 -9.06205328369 -1.02232410889
0.318428820801 2.085349646 -9.85692823486 3.9360675293 -9.2057053833 -0.950498059082
0.404620080566 2.08774384766 -9.94311949463 3.93127912598 -9.08360109863 -0.950498059082
0.347159240723 2.0733786377 -9.90481226807 3.85945307617 -9.06684168701 -0.905008227539
0.383072265625 2.06140762939 -9.67018050537 3.84269366455 -8.99980404053 -0.91458503418
0.435744702148 2.0973206543 -9.78989058838 3.84508786621 -9.12909093018 -0.995987890625
0.371101257324 2.14281048584 -9.91917747803 3.90254870605 -9.17697496338 -1.02950671387
0.339976635742 2.10689746094 -9.88326445312 3.88100089111 -9.06444748535 -0.967257470703
0.363918652344 2.12365687256 -9.82340941162 3.90015450439 -9.14824454346 -0.92416184082
0.351947644043 2.09971485596 -9.78989058838 3.87381828613 -9.06684168701 -1.02232410889
0.378283862305 2.07816704102 -9.8305920166 3.90015450439 -9.1338793335 -0.948103857422
0.359130249023 2.04943662109 -9.85213983154 3.96240374756 -9.12909093018 -0.91697923584
0.423773693848 2.04943662109 -9.77552537842 3.88818349609 -9.13866773682 -0.950498059082
0.373495458984 2.13802208252 -9.89762966309 3.93367332764 -9.14106193848 -0.979228479004
0.404620080566 2.12365687256 -9.83298621826 3.96958635254 -9.08120689697 -0.945709655762
0.359130249023 2.17393510742 -9.88326445312 3.93846173096 -9.13148513184 -0.967257470703
0.397437475586 2.10210905762 -9.93593688965 3.86424147949 -9.1338793335 -0.979228479004
0.368707055664 2.03746561279 -9.8425630249 3.90973131104 -9.05965908203 -0.981622680664
0.433350500488 2.06380183105 -9.75397756348 3.91930811768 -9.11233151855 -0.950498059082
0.361524450684 2.1092916626 -9.8305920166 3.87860668945 -9.06923588867 -0.957680664062
0.411802685547 2.12365687256 -9.84974562988 3.93367332764 -9.06684168701 -0.945709655762
0.328005627441 2.26012636719 -9.76355437012 3.87381828613 -9.15063874512 -0.957680664062
0.349553442383 2.08295544434 -9.85932243652 3.88100089111 -9.13148513184 -0.960074865723
0.385466467285 2.04464821777 -9.76355437012 3.88578929443 -9.08838950195 -0.878672009277
0.423773693848 1.96563956299 -9.84495722656 3.94325013428 -9.08838950195 -0.814028564453
0.335188232422 1.92254393311 -9.81622680664 3.98873996582 -9.07881269531 -0.833182177734
0.380678063965 1.93212073975 -9.7348239502 3.88578929443 -9.04050546875 -0.825999572754
0.378283862305 1.97282216797 -9.90241806641 3.95761534424 -9.15542714844 -0.809240161133
0.354341845703 2.01591779785 -9.88326445312 3.93367332764 -9.13627353516 -0.809240161133
0.31124621582 2.03028300781 -9.8305920166 3.90015450439 -9.05965908203 -0.840364782715
0.45250411377 2.085349646 -9.89044705811 3.91451971436 -9.07402429199 -0.936132849121
0.380678063965 2.08774384766 -9.89044705811 3.90733710937 -9.05726488037 -1.04866032715
0.387860668945 1.96324536133 -9.65581529541 3.87621248779 -9.16260975342 -0.847547387695
0.30166940918 1.99915838623 -9.8305920166 3.89057769775 -9.09317790527 -0.840364782715
0.366312854004 2.04464821777 -9.87368764648 3.90733710937 -9.10275471191 -1.05823713379
0.335188232422 2.05901342773 -10.1011368042 3.9719805542 -9.1338793335 -0.962469067383
0.395043273926 2.1092916626 -9.84495722656 3.94564433594 -9.11951412354 -0.960074865723
0.438138903809 2.09971485596 -9.85213983154 3.924096521 -9.11233151855 -0.902614025879
0.435744702148 2.03507141113 -9.99100352783 3.90254870605 -9.20809958496 -0.91219083252
0.344765039063 1.85311208496 -9.90241806641 3.92888492432 -9.10514891357 -0.833182177734
0.383072265625 2.08295544434 -9.73961235352 3.9121255127 -9.03332286377 -0.811634362793
0.404620080566 2.02310040283 -9.83777462158 3.95282694092 -9.08120689697 -0.902614025879
0.344765039063 1.95127435303 -9.88565865479 3.87621248779 -9.08838950195 -0.902614025879
0.423773693848 2.01352359619 -9.84016882324 3.81875164795 -9.06444748535 -0.857124194336
0.596156213379 2.06380183105 -9.92636008301 3.924096521 -9.09796630859 -0.907402429199
0.486022937012 2.05901342773 -9.78749638672 4.0318355957 -9.09317790527 -0.893037219238
0.593762011719 2.03985981445 -9.87129344482 4.03422979736 -9.12430252686 -0.830787976074
0.385466467285 2.01591779785 -9.84016882324 3.94564433594 -8.89206496582 -0.864306799316
0.392649072266 2.05901342773 -9.8305920166 3.9121255127 -9.09317790527 -0.878672009277
0.383072265625 2.09013804932 -9.85692823486 3.87860668945 -9.15542714844 -0.842758984375
0.416591088867 2.01112939453 -9.92636008301 3.96240374756 -9.19612857666 -0.797269152832
0.428562097168 2.01352359619 -9.91438907471 4.02704719238 -9.09078370361 -0.905008227539
0.385466467285 2.03507141113 -9.80186159668 3.96240374756 -9.07881269531 -0.852335791016
0.392649072266 2.03746561279 -9.89762966309 3.9600095459 -9.08120689697 -0.869095202637
0.430956298828 2.04464821777 -9.92636008301 3.9719805542 -9.1817633667 -0.785298144531
0.392649072266 2.01591779785 -9.78031378174 3.95761534424 -9.1817633667 -0.857124194336
0.407014282227 1.98000477295 -9.94790789795 3.93846173096 -9.07881269531 -0.804451757813
0.416591088867 1.99436998291 -9.84016882324 3.97437475586 -9.08360109863 -0.854729992676
0.349553442383 2.04225401611 -9.89044705811 3.9600095459 -9.16739815674 -0.885854614258
0.435744702148 1.97761057129 -9.86889924316 3.92888492432 -9.05008227539 -0.782903942871
0.404620080566 2.04464821777 -9.85213983154 4.01268198242 -9.10993731689 -0.885854614258
0.363918652344 1.98000477295 -9.92157167969 3.98634576416 -9.11951412354 -0.833182177734
0.483628735352 1.92014973145 -9.93114848633 4.02944139404 -9.16500395508 -0.792480749512
0.414196887207 2.01352359619 -9.93114848633 4.05338341064 -9.13627353516 -0.799663354492
0.541089575195 1.96085115967 -9.78031378174 3.96240374756 -8.9231895874 -0.91219083252
0.414196887207 2.01112939453 -9.86889924316 4.00549937744 -9.10754311523 -0.842758984375
0.481234533691 2.03507141113 -9.8784760498 3.9959225708 -9.11951412354 -0.842758984375
0.414196887207 1.99915838623 -9.8305920166 3.9839515625 -9.05965908203 -0.940921252441
0.440533105469 2.03507141113 -9.82819781494 3.94564433594 -9.06205328369 -0.806845959473
0.445321508789 2.00634099121 -9.84016882324 3.9719805542 -9.08838950195 -0.799663354492
0.445321508789 1.94648594971 -9.8425630249 3.95522114258 -9.18655177002 -0.780509741211
0.478840332031 1.96803376465 -9.81622680664 4.10845004883 -9.10036051025 -0.837970581055
0.426167895508 2.00634099121 -9.82580361328 3.9959225708 -9.08360109863 -0.847547387695
0.519541760254 2.01591779785 -9.86171663818 4.12520946045 -9.07881269531 -0.828393774414
0.502782348633 2.08056124268 -9.89044705811 4.00549937744 -9.01895765381 -0.806845959473
0.447715710449 2.10689746094 -9.91917747803 3.97916315918 -9.22485899658 -0.845153186035
0.483628735352 2.05901342773 -9.81143840332 3.92888492432 -9.01895765381 -0.893037219238
0.392649072266 1.94648594971 -9.89044705811 4.03662399902 -9.11711992188 -0.720654699707
0.414196887207 1.98958157959 -9.80425579834 3.90015450439 -9.01177504883 -0.818816967773
0.519541760254 2.02070620117 -9.8545340332 3.96479794922 -8.99501563721 -0.790086547852
0.514753356934 1.96324536133 -9.92396588135 4.06535441895 -9.12430252686 -0.809240161133
0.517147558594 1.838746875 -9.89044705811 4.08450803223 -9.07641849365 -0.785298144531
0.450109912109 2.04943662109 -9.90241806641 3.98873996582 -9.10275471191 -0.837970581055
0.478840332031 2.08774384766 -9.89523546143 4.0557776123 -9.1817633667 -0.92176763916
0.411802685547 1.99915838623 -10.0436759644 4.01028778076 -9.11711992188 -0.840364782715
0.545877978516 1.92733233643 -9.7707369751 3.95522114258 -8.99980404053 -0.756567724609
0.469263525391 1.93930334473 -9.80904420166 3.93367332764 -8.93994899902 -0.847547387695
0.500388146973 1.98239897461 -9.90960067139 3.83311685791 -9.11233151855 -0.792480749512
0.46686932373 1.96563956299 -9.90241806641 4.06296021729 -9.03092866211 -0.821211169434
0.423773693848 2.00634099121 -9.93354268799 4.00071097412 -9.14824454346 -0.806845959473
0.471657727051 2.01352359619 -9.91199487305 4.11802685547 -9.11472572021 -0.802057556152
0.335188232422 2.01831199951 -10.0005803345 4.03901820068 -9.14824454346 -0.888248815918
0.61052142334 1.87226569824 -9.86411083984 3.97916315918 -9.09557210693 -0.711077893066
0.46447512207 1.91296712646 -9.89284125977 3.95282694092 -9.07881269531 -0.775721337891
0.478840332031 1.8986019165 -9.92157167969 3.99352836914 -8.99980404053 -0.756567724609
0.368707055664 1.95606275635 -9.81143840332 4.12281525879 -9.17458076172 -0.866701000977
0.557848986816 1.95845695801 -9.88805285645 3.96479794922 -8.96389101563 -0.715866296387
0.450109912109 1.94169754639 -9.90960067139 3.9719805542 -9.15542714844 -0.804451757813
0.524330163574 1.97521636963 -9.90720646973 3.98634576416 -9.08599530029 -0.76135612793
0.512359155273 1.97042796631 -9.95030209961 4.01507618408 -9.05008227539 -0.91219083252
0.486022937012 1.96085115967 -9.88326445312 4.03422979736 -9.04768807373 -0.749385119629
0.481234533691 1.92014973145 -9.95987890625 4.043806604 -9.08838950195 -0.670376464844
0.45968671875 1.838746875 -9.87608184814 3.9600095459 -9.03811126709 -0.689530078125
0.536301171875 1.96324536133 -9.78989058838 4.02704719238 -9.11711992188 -0.840364782715
0.474051928711 1.92254393311 -9.90720646973 4.01507618408 -9.04768807373 -0.653617053223
0.507570751953 1.92733233643 -9.88326445312 4.04859500732 -9.06444748535 -0.723048901367
0.545877978516 1.92254393311 -9.86411083984 4.04859500732 -9.09796630859 -0.739808312988
0.497993945312 1.87944830322 -9.87368764648 4.02704719238 -9.11472572021 -0.76135612793
0.512359155273 1.96324536133 -9.86411083984 3.95522114258 -9.09557210693 -0.749385119629
0.3064578125 1.93212073975 -9.90002386475 3.83311685791 -9.07881269531 -0.751779321289
0.521935961914 1.96324536133 -9.83298621826 3.98634576416 -9.08360109863 -0.77332713623
0.598550415039 1.98718737793 -9.89044705811 3.83790526123 -9.07402429199 -0.780509741211
0.447715710449 1.86508309326 -10.1131078125 4.02225878906 -9.07163009033 -0.732625708008
0.521935961914 1.88184250488 -9.7827079834 4.03422979736 -9.11711992188 -0.708683691406
0.543483776855 1.90578452148 -9.74440075684 3.96240374756 -8.99740983887 -0.792480749512
0.471657727051 1.93212073975 -9.90241806641 3.98873996582 -9.12669672852 -0.735019909668
0.409408483887 1.91536132812 -9.96466730957 4.00071097412 -9.18894597168 -0.782903942871
0.325611425781 1.97042796631 -9.89523546143 3.94085593262 -9.16260975342 -0.76135612793
0.409408483887 1.92014973145 -9.89762966309 3.87381828613 -9.01416925049 -0.742202514648
0.445321508789 1.8746598999 -9.8784760498 3.96479794922 -9.05487067871 -0.687135876465
0.45968671875 1.88902510986 -9.84974562988 4.02704719238 -9.11472572021 -0.696712683105
0.471657727051 1.90339031982 -9.90720646973 3.99831677246 -9.18894597168 -0.720654699707
0.60573302002 1.87226569824 -9.86889924316 3.96958635254 -9.10993731689 -0.739808312988
0.488417138672 1.87226569824 -9.85692823486 3.96958635254 -9.05247647705 -0.653617053223
0.469263525391 1.92014973145 -9.90481226807 4.00071097412 -9.12430252686 -0.785298144531
0.502782348633 1.97042796631 -9.92157167969 4.00071097412 -8.90403597412 -0.787692346191
0.497993945312 1.97761057129 -10.046070166 4.03662399902 -9.07163009033 -0.665588061523
0.509964953613 1.81001645508 -9.81622680664 3.99831677246 -9.09078370361 -0.679953271484
0.493205541992 1.98479317627 -9.92396588135 4.00071097412 -9.15542714844 -0.837970581055
0.497993945312 1.90339031982 -9.84735142822 3.98155736084 -9.1338793335 -0.60573302002
0.481234533691 1.84832368164 -9.79228479004 3.93367332764 -8.98304462891 -0.658405456543
0.397437475586 1.84353527832 -9.75637176514 3.89536610107 -9.10275471191 -0.76135612793
0.423773693848 1.93451494141 -9.94551369629 3.89776030273 -9.12430252686 -0.730231506348
0.411802685547 1.90339031982 -9.86889924316 3.9600095459 -9.05726488037 -0.639251843262
0.497993945312 1.9105729248 -9.81143840332 3.924096521 -9.10036051025 -0.730231506348
0.435744702148 1.93690914307 -9.84495722656 4.00549937744 -9.10036051025 -0.806845959473
0.524330163574 1.95845695801 -9.92875428467 4.01507618408 -9.12909093018 -0.809240161133
0.442927307129 1.88902510986 -9.89523546143 3.97676895752 -9.11472572021 -0.881066210937
0.512359155273 1.8028338501 -9.85692823486 3.92170231934 -9.08599530029 -0.629675036621
0.318428820801 1.87705410156 -9.95748470459 3.97676895752 -9.08360109863 -0.677559069824
0.476446130371 1.7908628418 -9.87129344482 3.93846173096 -9.05965908203 -0.603338818359
0.438138903809 1.88423670654 -9.90960067139 3.97676895752 -9.14345614014 -0.718260498047
0.486022937012 1.82917006836 -10.0053687378 3.924096521 -9.11711992188 -0.696712683105
0.442927307129 1.75973822021 -9.90241806641 3.9600095459 -9.05008227539 -0.593762011719
0.488417138672 1.80762225342 -9.89523546143 3.98155736084 -9.10275471191 -0.656011254883
0.493205541992 1.83156427002 -9.89523546143 4.01507618408 -9.10754311523 -0.682347473145
0.46208092041 1.85790048828 -9.91678327637 3.89536610107 -9.06205328369 -0.663193859863
0.428562097168 1.89620771484 -9.90720646973 3.96240374756 -9.1578213501 -0.471657727051
0.478840332031 1.7788918335 -9.87608184814 3.99831677246 -9.11711992188 -0.744596716309
0.536301171875 1.75255561523 -9.86411083984 3.96958635254 -9.02853446045 -0.600944616699
0.481234533691 1.81241065674 -9.8784760498 3.97916315918 -9.12909093018 -0.600944616699
0.46447512207 1.7788918335 -9.83298621826 3.91451971436 -9.1817633667 -0.646434448242
0.474051928711 1.85311208496 -9.89284125977 3.98634576416 -9.09796630859 -0.687135876465
0.495599743652 1.83156427002 -9.95030209961 4.01507618408 -9.10754311523 -0.670376464844
0.46686932373 1.84832368164 -9.93354268799 4.00071097412 -9.06444748535 -0.569819995117
0.509964953613 1.83156427002 -9.8305920166 4.12760366211 -9.08599530029 -0.61530982666
0.565031591797 1.7908628418 -9.90241806641 4.03901820068 -9.11951412354 -0.596156213379
0.565031591797 1.75734401855 -9.83538041992 4.02465299072 -9.12669672852 -0.622492431641
0.548272180176 1.77410343018 -9.97184991455 4.043806604 -9.08360109863 -0.603338818359
0.500388146973 1.81719906006 -9.81143840332 3.83551105957 -9.11233151855 -0.495599743652
0.469263525391 1.80043964844 -9.87129344482 3.9959225708 -9.12430252686 -0.591367810059
0.500388146973 1.81719906006 -9.84735142822 4.02465299072 -9.06923588867 -0.562637390137
0.45489831543 1.86987149658 -9.8665050415 3.97437475586 -9.12669672852 -0.61052142334
0.430956298828 1.8028338501 -9.95030209961 3.97676895752 -9.10754311523 -0.756567724609
0.450109912109 1.77410343018 -9.8545340332 3.9480385376 -9.12909093018 -0.658405456543
0.509964953613 1.77170922852 -9.91199487305 3.92888492432 -9.10754311523 -0.584185205078
0.428562097168 1.60890351563 -9.82580361328 3.88578929443 -9.00219824219 -0.550666381836
0.476446130371 1.55862528076 -9.88565865479 3.95522114258 -9.02853446045 -0.60812722168
0.46686932373 1.75016141357 -9.95987890625 4.0318355957 -9.1697923584 -0.560243188477
0.45729251709 1.80522805176 -10.0340991577 4.03901820068 -9.12430252686 -0.656011254883
0.476446130371 1.70706578369 -9.89044705811 3.96719215088 -9.17697496338 -0.562637390137
0.603338818359 1.66636435547 -9.93354268799 3.95282694092 -9.01656345215 -0.524330163574
0.538695373535 1.7669208252 -10.0221281494 4.02465299072 -9.16260975342 -0.577002600098
0.478840332031 1.78368023682 -9.94311949463 4.04141240234 -9.11711992188 -0.521935961914
0.442927307129 1.72382519531 -9.89284125977 4.12520946045 -9.08120689697 -0.586579406738
0.483628735352 1.74297880859 -9.94311949463 3.99352836914 -9.05247647705 -0.612915625
0.533906970215 1.80043964844 -9.89762966309 4.02704719238 -9.13148513184 -0.581791003418
0.502782348633 1.70706578369 -9.97663831787 4.00549937744 -9.10754311523 -0.526724365234
0.426167895508 1.71424838867 -9.90481226807 3.93846173096 -9.10036051025 -0.469263525391
0.500388146973 1.76452662354 -9.94311949463 3.9600095459 -9.08838950195 -0.598550415039
0.481234533691 1.76213242187 -9.90481226807 3.9480385376 -9.09078370361 -0.598550415039
0.490811340332 1.81719906006 -9.91917747803 4.12520946045 -9.15063874512 -0.639251843262
0.45968671875 1.75973822021 -9.8186210083 4.00310517578 -9.06684168701 -0.526724365234
0.526724365234 1.8028338501 -9.85932243652 4.10605584717 -8.97346782227 -0.76135612793
0.493205541992 1.80522805176 -9.84735142822 3.98873996582 -9.09557210693 -0.507570751953
0.488417138672 1.74776721191 -9.93114848633 4.0198645874 -9.13866773682 -0.569819995117
0.519541760254 1.77410343018 -9.93114848633 4.0198645874 -9.11711992188 -0.574608398438
0.519541760254 1.74776721191 -9.81383260498 4.043806604 -8.89445916748 -0.533906970215
0.538695373535 1.67833536377 -9.93593688965 4.03901820068 -9.10036051025 -0.531512768555
0.486022937012 1.71903679199 -9.95509050293 4.00310517578 -9.16500395508 -0.584185205078
0.500388146973 1.73340200195 -9.88565865479 3.83790526123 -9.11711992188 -0.550666381836
0.505176550293 1.67833536377 -9.86171663818 3.94564433594 -9.10275471191 -0.541089575195
0.536301171875 1.65678754883 -9.8305920166 3.96240374756 -9.08360109863 -0.584185205078
0.502782348633 1.81959326172 -9.80904420166 4.11802685547 -9.09078370361 -0.529118566895
0.524330163574 1.76452662354 -9.8784760498 3.9600095459 -9.10514891357 -0.536301171875
0.442927307129 1.72143099365 -9.8186210083 4.03422979736 -9.17218656006 -0.555454785156
0.46208092041 1.71424838867 -9.96706151123 3.90733710937 -9.03571706543 -0.497993945312
0.500388146973 1.68551796875 -9.88087025146 3.95761534424 -9.06684168701 -0.574608398438
0.538695373535 1.75734401855 -9.85213983154 3.96958635254 -9.10514891357 -0.593762011719
0.507570751953 1.79804544678 -9.67975731201 4.11323845215 -9.06205328369 -0.545877978516
0.526724365234 1.69509477539 -9.79946739502 4.02225878906 -8.96149681396 -0.560243188477
0.521935961914 1.68072956543 -10.060435376 4.04141240234 -9.13148513184 -0.586579406738
0.533906970215 1.78128603516 -9.94551369629 4.00549937744 -9.19852277832 -0.591367810059
0.545877978516 1.55383687744 -9.92396588135 3.97676895752 -9.01416925049 -0.550666381836
0.550666381836 1.72143099365 -9.85692823486 3.94564433594 -8.99022723389 -0.553060583496
0.543483776855 1.68551796875 -9.88565865479 4.02944139404 -9.03332286377 -0.574608398438
0.497993945312 1.72382519531 -9.96466730957 3.96240374756 -9.2176763916 -0.505176550293
0.505176550293 1.65199914551 -9.91678327637 3.9719805542 -9.17218656006 -0.46447512207
0.526724365234 1.72861359863 -9.83777462158 3.9600095459 -9.04289967041 -0.481234533691
0.584185205078 1.61608612061 -10.1107136108 4.08450803223 -9.00459244385 -0.545877978516
0.476446130371 1.63284553223 -10.0891657959 3.97437475586 -9.10036051025 -0.531512768555
0.45489831543 1.61129771729 -9.90960067139 3.95043273926 -9.20331118164 -0.335188232422
0.493205541992 1.81959326172 -9.8784760498 3.95761534424 -9.11951412354 -0.474051928711
0.469263525391 1.69030637207 -9.89762966309 3.98873996582 -9.04768807373 -0.60812722168
0.476446130371 1.68551796875 -9.83538041992 3.83311685791 -9.10993731689 -0.442927307129
0.497993945312 1.63284553223 -9.86889924316 3.92170231934 -9.05965908203 -0.526724365234
0.46686932373 1.60172091064 -9.86411083984 3.91691391602 -9.08599530029 -0.509964953613
0.416591088867 1.64242233887 -9.94790789795 3.93367332764 -9.06205328369 -0.45729251709
0.600944616699 1.68072956543 -9.83777462158 4.12520946045 -9.10993731689 -0.430956298828
0.483628735352 1.64960494385 -9.82819781494 3.99352836914 -9.10036051025 -0.526724365234
0.507570751953 1.63523973389 -10.0077629395 3.98634576416 -9.14824454346 -0.474051928711
0.474051928711 1.60172091064 -9.99100352783 3.97676895752 -9.04768807373 -0.397437475586
0.521935961914 1.63045133057 -9.90241806641 3.91930811768 -9.07163009033 -0.478840332031
0.502782348633 1.64002813721 -9.88087025146 3.95522114258 -9.07163009033 -0.60573302002
0.45250411377 1.73579620361 -9.94551369629 3.9360675293 -9.16260975342 -0.497993945312
0.433350500488 1.74776721191 -10.0508585693 3.99352836914 -9.24880101318 -0.471657727051
0.447715710449 1.61848032227 -10.038887561 4.01747038574 -9.17458076172 -0.320823022461
0.481234533691 1.66636435547 -9.89284125977 3.9839515625 -9.00219824219 -0.507570751953
0.46447512207 1.72861359863 -9.97184991455 4.13478626709 -9.06444748535 -0.490811340332
0.440533105469 1.592144104 -9.97903251953 4.00071097412 -9.06684168701 -0.519541760254
0.567425793457 1.68072956543 -9.95987890625 4.11802685547 -9.17936916504 -0.514753356934
0.402225878906 1.74297880859 -9.93114848633 3.91930811768 -9.06205328369 -0.562637390137
0.411802685547 1.69030637207 -9.96945571289 3.95043273926 -9.08360109863 -0.567425793457
0.423773693848 1.67833536377 -9.97903251953 3.96958635254 -9.14824454346 -0.471657727051
0.538695373535 1.71424838867 -10.0436759644 3.98634576416 -9.13866773682 -0.497993945312
0.488417138672 1.67115275879 -10.0340991577 4.03422979736 -9.15063874512 -0.447715710449
0.490811340332 1.71185418701 -9.96706151123 3.93367332764 -9.13148513184 -0.46686932373
0.445321508789 1.66157595215 -9.93114848633 4.13478626709 -9.09078370361 -0.435744702148
0.447715710449 1.60172091064 -9.94311949463 4.01507618408 -9.08360109863 -0.392649072266
0.46447512207 1.59453830566 -10.0700121826 3.90254870605 -9.1219083252 -0.328005627441
0.512359155273 1.60172091064 -9.8425630249 3.90015450439 -9.03571706543 -0.423773693848
0.392649072266 1.58974990234 -9.94551369629 3.91691391602 -8.8992475708 -0.423773693848
0.509964953613 1.61129771729 -9.88326445312 3.95282694092 -9.03571706543 -0.481234533691
0.46686932373 1.64242233887 -9.95987890625 4.01268198242 -9.19612857666 -0.323217224121
0.509964953613 1.63763393555 -9.99100352783 3.96479794922 -9.193734375 -0.433350500488
0.493205541992 1.67594116211 -9.89762966309 3.97916315918 -9.03811126709 -0.46208092041
0.500388146973 1.63763393555 -9.95269630127 3.98634576416 -9.09317790527 -0.414196887207
0.512359155273 1.68312376709 -9.96945571289 3.99831677246 -9.11233151855 -0.553060583496
0.517147558594 1.69270057373 -9.99818613281 3.98634576416 -9.12909093018 -0.478840332031
0.404620080566 1.61129771729 -9.95748470459 3.924096521 -9.10993731689 -0.342370837402
0.435744702148 1.62326872559 -9.92396588135 3.87381828613 -9.08599530029 -0.390254870605
0.476446130371 1.58256729736 -9.81622680664 3.93127912598 -9.1219083252 -0.387860668945
0.45489831543 1.64481654053 -9.98860932617 3.9959225708 -9.22246479492 -0.385466467285
0.442927307129 1.5801730957 -10.0221281494 3.9719805542 -9.1458503418 -0.31364041748
0.442927307129 1.61129771729 -10.0364933594 3.93367332764 -9.06684168701 -0.45489831543
0.392649072266 1.61369191895 -9.97184991455 3.96958635254 -9.13866773682 -0.46208092041
0.447715710449 1.61129771729 -10.0197339478 3.96479794922 -9.22007059326 -0.445321508789
0.521935961914 1.62087452393 -9.91199487305 3.91451971436 -9.13627353516 -0.421379492187
0.488417138672 1.5322890625 -9.93593688965 3.83551105957 -9.09796630859 -0.349553442383
0.500388146973 1.51792385254 -9.93593688965 3.95282694092 -8.99980404053 -0.392649072266
0.61052142334 1.55383687744 -9.99818613281 4.00549937744 -9.05487067871 -0.387860668945
0.339976635742 1.5801730957 -9.95030209961 4.00071097412 -9.20091697998 -0.426167895508
0.440533105469 1.66397015381 -9.92157167969 3.98634576416 -9.13148513184 -0.514753356934
0.524330163574 1.58735570068 -9.8425630249 4.01507618408 -8.96628521729 -0.407014282227
0.524330163574 1.47961662598 -9.81622680664 3.94085593262 -9.06444748535 -0.284909997559
0.316034619141 1.68312376709 -10.0317049561 3.9480385376 -9.21528218994 -0.430956298828
0.553060583496 1.61369191895 -9.98621512451 3.96479794922 -9.1219083252 -0.409408483887
0.423773693848 1.70467158203 -9.94790789795 4.03422979736 -9.02853446045 -0.45489831543
0.505176550293 1.64002813721 -9.8665050415 3.91930811768 -9.05487067871 -0.383072265625
0.428562097168 1.56101948242 -9.99579193115 3.90494290771 -9.1219083252 -0.339976635742
0.445321508789 1.59693250732 -10.0293107544 4.13478626709 -9.17218656006 -0.409408483887
0.438138903809 1.40539637451 -9.87608184814 3.97916315918 -9.10514891357 -0.447715710449
0.493205541992 1.51552965088 -10.0987426025 3.95761534424 -8.98065042725 -0.31124621582
0.426167895508 1.63763393555 -9.97903251953 3.95282694092 -9.12430252686 -0.505176550293
0.593762011719 1.56580788574 -9.90002386475 3.93846173096 -9.17458076172 -0.351947644043
0.502782348633 1.56580788574 -10.0987426025 3.9600095459 -9.1219083252 -0.270544787598
0.526724365234 1.63523973389 -9.94790789795 4.03422979736 -9.1458503418 -0.450109912109
0.545877978516 1.66875855713 -10.0364933594 4.0198645874 -9.05726488037 -0.45489831543
0.450109912109 1.592144104 -9.94311949463 4.07493122559 -9.02135185547 -0.421379492187
0.507570751953 1.61608612061 -9.87129344482 3.95043273926 -9.22246479492 -0.450109912109
0.435744702148 1.66636435547 -10.060435376 3.95282694092 -9.17458076172 -0.31124621582
0.445321508789 1.49877023926 -9.92396588135 3.91691391602 -9.07402429199 -0.344765039063
0.500388146973 1.67833536377 -9.95030209961 4.03422979736 -9.01416925049 -0.600944616699
0.46686932373 1.52510645752 -9.84735142822 4.06535441895 -9.06444748535 -0.330399829102
0.447715710449 1.59453830566 -9.92875428467 3.9959225708 -9.11951412354 -0.378283862305
0.469263525391 1.47722242432 -9.89044705811 3.89297189941 -9.17218656006 -0.361524450684
0.471657727051 1.5801730957 -9.90481226807 3.924096521 -9.17936916504 -0.445321508789
0.423773693848 1.56101948242 -10.0197339478 3.95282694092 -9.16260975342 -0.402225878906
0.603338818359 1.55862528076 -9.8305920166 3.94564433594 -9.07641849365 -0.440533105469
0.440533105469 1.54186586914 -9.99579193115 4.01028778076 -9.11951412354 -0.509964953613
0.524330163574 1.5203180542 -10.0843773926 4.02704719238 -9.08599530029 -0.385466467285
0.445321508789 1.57059628906 -9.97903251953 3.9839515625 -9.12909093018 -0.378283862305
0.423773693848 1.56101948242 -9.89284125977 3.92649072266 -9.11472572021 -0.395043273926
0.447715710449 1.51313544922 -9.94311949463 3.924096521 -9.10993731689 -0.347159240723
0.440533105469 1.53947166748 -9.94790789795 3.95522114258 -9.06444748535 -0.380678063965
0.433350500488 1.37906015625 -9.92396588135 4.01028778076 -9.07641849365 -0.435744702148
0.507570751953 1.58974990234 -9.97424411621 3.95761534424 -9.1338793335 -0.418985290527
0.442927307129 1.64242233887 -10.1107136108 3.96958635254 -9.18655177002 -0.351947644043
0.445321508789 1.51313544922 -9.89284125977 3.95043273926 -9.05247647705 -0.284909997559
0.521935961914 1.48201082764 -9.87368764648 3.9121255127 -9.01416925049 -0.371101257324
0.600944616699 1.54665427246 -9.92157167969 3.9360675293 -9.193734375 -0.418985290527
0.423773693848 1.61129771729 -9.99100352783 3.96958635254 -9.14345614014 -0.361524450684
0.500388146973 1.5322890625 -10.0149455444 3.9121255127 -9.08838950195 -0.265756384277
0.438138903809 1.44849200439 -10.0891657959 3.94325013428 -9.03092866211 -0.268150585937
0.45489831543 1.52271225586 -10.0077629395 4.02225878906 -9.12669672852 -0.323217224121
0.45489831543 1.47722242432 -9.91199487305 3.91451971436 -9.08838950195 -0.275333190918
0.521935961914 1.49877023926 -9.98860932617 3.92649072266 -9.10754311523 -0.354341845703
0.414196887207 1.68312376709 -10.1131078125 3.9600095459 -9.15063874512 -0.296881005859
0.435744702148 1.44130939941 -10.0077629395 3.90254870605 -9.13148513184 -0.263362182617
0.385466467285 1.42215578613 -9.98142672119 3.90973131104 -9.06923588867 -0.289698400879
0.490811340332 1.45567460937 -9.89762966309 3.95761534424 -9.13627353516 -0.292092602539
0.435744702148 1.42933839111 -9.97424411621 4.11802685547 -9.15063874512 -0.15562310791
0.507570751953 1.44849200439 -9.97903251953 3.89776030273 -9.10275471191 -0.265756384277
0.438138903809 1.50595284424 -9.8305920166 3.95282694092 -9.08838950195 -0.45250411377
0.447715710449 1.5322890625 -9.97903251953 3.83072265625 -9.16260975342 -0.203507141113
0.497993945312 1.36708914795 -9.90720646973 3.94325013428 -9.05008227539 -0.234631762695
0.474051928711 1.41736738281 -9.88087025146 3.93846173096 -9.09317790527 -0.227449157715
0.497993945312 1.47003981934 -10.0867715942 3.90973131104 -9.09796630859 -0.294486804199
0.378283862305 1.49877023926 -10.1274730225 4.0198645874 -9.15063874512 -0.251391174316
0.493205541992 1.45806881104 -10.1107136108 3.9360675293 -9.1219083252 -0.265756384277
0.514753356934 1.46764561768 -10.0005803345 4.0078935791 -9.15542714844 -0.256179577637
0.490811340332 1.48201082764 -9.91199487305 3.98155736084 -9.10993731689 -0.335188232422
0.577002600098 1.46285721436 -9.85932243652 4.01507618408 -9.15542714844 -0.287304199219
0.433350500488 1.42215578613 -10.0700121826 3.98873996582 -9.10275471191 -0.215478149414
0.512359155273 1.45806881104 -9.95269630127 3.94564433594 -9.02374605713 -0.239420166016
0.323217224121 1.42215578613 -9.8784760498 3.94085593262 -8.88967076416 -0.205901342773
0.493205541992 1.50355864258 -10.053252771 3.99831677246 -9.33499227295 -0.246602770996
0.45250411377 1.40779057617 -10.0412817627 4.01747038574 -9.15303294678 -0.225054956055
0.533906970215 1.5203180542 -9.84974562988 3.92649072266 -8.98543883057 -0.215478149414
0.509964953613 1.45567460937 -9.90720646973 4.13478626709 -9.07881269531 -0.260967980957
0.550666381836 1.49398183594 -10.0556469727 4.05338341064 -9.08360109863 -0.323217224121
0.423773693848 1.47482822266 -10.0364933594 4.08211383057 -9.193734375 -0.253785375977
0.418985290527 1.46764561768 -10.0484643677 4.00549937744 -9.12669672852 -0.270544787598
0.541089575195 1.40779057617 -9.95030209961 3.98155736084 -9.1338793335 -0.260967980957
0.531512768555 1.43891519775 -9.95748470459 3.9719805542 -9.01895765381 -0.222660754395
0.46686932373 1.2976572998 -9.93354268799 4.01028778076 -8.98543883057 -0.184353527832
0.478840332031 1.38863696289 -10.0436759644 4.0198645874 -9.07641849365 -0.198718737793
0.45489831543 1.43891519775 -10.0053687378 4.01028778076 -9.26077202148 -0.246602770996
0.60812722168 1.38145435791 -9.98621512451 3.93846173096 -9.14106193848 -0.253785375977
0.495599743652 1.30723410645 -9.87608184814 3.96958635254 -9.02614025879 -0.210689746094
0.476446130371 1.41976158447 -9.97184991455 3.84029946289 -9.17218656006 -0.205901342773
0.507570751953 1.31441671143 -9.98142672119 4.04620080566 -9.16021555176 -0.114921679688
0.486022937012 1.48679923096 -9.92396588135 3.9839515625 -9.1697923584 -0.215478149414
0.593762011719 1.37187755127 -9.81622680664 3.97916315918 -9.07641849365 -0.138863696289
0.428562097168 1.40779057617 -9.94790789795 3.96958635254 -9.02614025879 -0.201112939453
0.507570751953 1.42215578613 -9.92875428467 4.00310517578 -9.08120689697 -0.292092602539
0.60812722168 1.24259066162 -9.84735142822 3.96719215088 -9.10993731689 -0.0622492431641
0.507570751953 1.38863696289 -9.95269630127 3.97676895752 -9.09557210693 -0.167594116211
0.538695373535 1.33117612305 -9.97184991455 4.043806604 -8.89445916748 -0.210689746094
0.512359155273 1.41018477783 -10.0053687378 4.0318355957 -9.07163009033 -0.174776721191
0.524330163574 1.31681091309 -9.96706151123 4.02944139404 -9.2057053833 -0.210689746094
0.493205541992 1.32159931641 -9.99579193115 3.99352836914 -9.09317790527 -0.0933738647461
0.577002600098 1.46285721436 -9.91917747803 4.0198645874 -9.12909093018 -0.234631762695
0.521935961914 1.46285721436 -9.96466730957 4.0318355957 -9.10514891357 -0.205901342773
0.474051928711 1.34314713135 -9.95748470459 4.043806604 -9.05487067871 -0.174776721191
