0.179565124512 -8.86094034424 -4.5968671875 5.24090743408 -3.38061274414 8.04691177979
0.222660754395 -8.93037219238 -4.70939466553 5.24330163574 -3.34230551758 8.11394942627
0.15801730957 -8.93037219238 -4.45560928955 5.29836827393 -3.38779534912 8.04930598145
0.165199914551 -8.74123026123 -4.5250411377 5.27442625732 -3.3351229126 7.95353791504
0.217872351074 -8.73644185791 -4.48912811279 5.269637854 -3.31836350098 7.95832631836
0.184353527832 -8.9112185791 -4.52982954102 5.28639726562 -3.38061274414 7.92720169678
0.174776721191 -8.89685336914 -4.50109912109 5.26006104736 -3.38540114746 7.90565388184
0.174776721191 -8.88009395752 -4.59207878418 5.32470449219 -3.36624753418 7.94156690674
0.222660754395 -8.94234320068 -4.5250411377 5.25287844238 -3.36145913086 7.98945093994
0.00957680664062 -8.9351605957 -4.50828172607 5.27682045898 -3.3949779541 7.9559321167
0.167594116211 -8.8872765625 -4.54658895264 5.29597407227 -3.41413156738 7.92241329346
0.174776721191 -8.95192000732 -4.63756861572 5.26245524902 -3.31357509766 7.92480749512
0.30406361084 -8.93994899902 -4.45800349121 5.29357987061 -3.45962139893 8.02296976318
0.167594116211 -8.86094034424 -4.57771357422 5.27921466064 -3.35188232422 7.87213505859
0.172382519531 -8.93037219238 -4.57531937256 5.2816088623 -3.44525618896 7.94874951172
0.126892687988 -8.84896933594 -4.72615407715 5.31033928223 -3.39976635742 7.88650026855
0.217872351074 -8.81066210937 -4.53461794434 5.25527264404 -3.4428619873 7.85776984863
0.14604630127 -8.90403597412 -4.55616575928 5.30076247559 -3.3830069458 7.9319901001
0.165199914551 -8.74362446289 -4.5609541626 5.29597407227 -3.45004459229 7.9439611084
0.165199914551 -8.82023891602 -4.61123239746 5.30315667725 -3.43328518066 7.86734665527
0.193930334473 -8.86812294922 -4.74770189209 5.31991608887 -3.42131417236 7.85537564697
0.169988317871 -8.85615194092 -4.59926138916 5.29597407227 -3.37343013916 7.92480749512
0.162805712891 -8.89685336914 -4.74530769043 5.30076247559 -3.42370837402 7.91044228516
0.134075292969 -8.88488236084 -4.61841500244 5.2337248291 -3.4428619873 7.94156690674
0.138863696289 -8.93755479736 -4.50349332275 5.35582911377 -3.45722719727 7.91762489014
0.165199914551 -8.88488236084 -4.57053096924 5.29597407227 -3.44046778564 7.95832631836
0.201112939453 -9.02374605713 -4.69502945557 5.27682045898 -3.32794030762 7.92959589844
0.217872351074 -8.90643017578 -4.6088381958 5.30315667725 -3.3830069458 8.06845959473
0.15562310791 -8.85615194092 -4.537012146 5.26006104736 -3.42610257568 7.90086547852
0.184353527832 -8.8753055542 -4.64714542236 5.27203205566 -3.47159240723 7.82664522705
0.184353527832 -8.86572874756 -4.60165559082 5.30794508057 -3.37343013916 7.91044228516
0.196324536133 -8.78432589111 -4.57531937256 5.29597407227 -3.36385333252 7.79791480713
0.198718737793 -8.88009395752 -4.62559760742 5.34864650879 -3.3949779541 7.88171186523
0.232237561035 -8.90403597412 -4.54658895264 5.27442625732 -3.38061274414 7.88889447021
0.203507141113 -8.73883605957 -4.56813676758 5.28879146729 -3.37343013916 7.89847127686
0.265756384277 -8.81784471436 -4.70700046387 5.34864650879 -3.45243879395 7.87213505859
0.222660754395 -8.87051715088 -4.6208092041 5.2816088623 -3.33033450928 7.95353791504
0.246602770996 -8.82263311768 -4.72375987549 5.21457121582 -3.41413156738 7.84340463867
0.251391174316 -8.94473740234 -4.6208092041 5.30555087891 -3.37582434082 7.94635531006
0.16041151123 -8.92558378906 -4.46758029785 5.29118566895 -3.44046778564 7.92480749512
0.179565124512 -8.85375773926 -4.69981785889 5.33667550049 -3.37821854248 7.85058724365
0.210689746094 -8.84178673096 -4.5848961792 5.33667550049 -3.42610257568 7.83143363037
0.203507141113 -8.86812294922 -4.65193382568 5.29118566895 -3.4069489624 7.91523068848
0.196324536133 -8.89445916748 -4.57771357422 5.27921466064 -3.42610257568 7.93677850342
0.122104284668 -8.8513635376 -4.63756861572 5.29597407227 -3.4428619873 7.83861623535
0.15562310791 -8.8154505127 -4.58729038086 5.27682045898 -3.4189199707 7.88410606689
0.210689746094 -8.76038387451 -4.6447512207 5.30076247559 -3.41413156738 7.84101043701
0.162805712891 -8.8633345459 -4.62320340576 5.36061751709 -3.46919820557 7.86016405029
0.191536132812 -8.86812294922 -4.64714542236 5.27921466064 -3.39976635742 7.967903125
0.141257897949 -8.8154505127 -4.6447512207 5.30315667725 -3.430890979 7.86734665527
0.15801730957 -8.88488236084 -4.72375987549 5.29597407227 -3.46440980225 7.88889447021
0.169988317871 -8.87051715088 -4.66151063232 5.32470449219 -3.45962139893 7.91762489014
0.141257897949 -8.82981572266 -4.71657727051 5.33428129883 -3.430890979 7.8960770752
0.215478149414 -8.9231895874 -4.65911643066 5.269637854 -3.42131417236 7.99663354492
0.141257897949 -8.88248815918 -4.6088381958 5.26006104736 -3.45243879395 7.88171186523
0.141257897949 -8.86572874756 -4.63756861572 5.31512768555 -3.48116921387 7.94156690674
0.210689746094 -8.83699832764 -4.79558592529 5.30794508057 -3.39976635742 7.85058724365
0.203507141113 -8.84896933594 -4.63756861572 5.33188709717 -3.4069489624 7.91523068848
0.217872351074 -8.80826790771 -4.63517441406 5.29597407227 -3.40934316406 7.95353791504
0.177170922852 -8.83220992432 -4.61602080078 5.34625230713 -3.48595761719 7.88171186523
0.172382519531 -8.81066210937 -4.61362659912 5.32470449219 -3.49553442383 7.85298144531
0.198718737793 -8.81784471436 -4.64235701904 5.30794508057 -3.45483299561 7.80030900879
0.220266552734 -8.82502731934 -4.59926138916 5.31752188721 -3.38540114746 7.86974085693
0.222660754395 -8.86572874756 -4.5848961792 5.31273348389 -3.39018955078 7.93438430176
0.208295544434 -8.76996068115 -4.73812508545 5.33667550049 -3.47638081055 7.84101043701
0.198718737793 -8.82263311768 -4.58968458252 5.32231029053 -3.41413156738 7.87213505859
0.210689746094 -8.85854614258 -4.60644399414 5.34864650879 -3.4428619873 7.88171186523
0.186747729492 -8.85375773926 -4.72615407715 5.30076247559 -3.44525618896 7.85058724365
0.15562310791 -8.87769975586 -4.62799180908 5.2576668457 -3.43567938232 7.92959589844
0.30406361084 -8.8753055542 -4.56813676758 5.33428129883 -3.45483299561 7.89847127686
0.177170922852 -8.82023891602 -4.5729251709 5.29118566895 -3.41652576904 7.93438430176
0.201112939453 -8.8393925293 -4.63996281738 5.28639726562 -3.42849677734 7.88650026855
0.0119710083008 -8.82263311768 -4.63996281738 5.31273348389 -3.4428619873 7.90086547852
0.143652099609 -8.8513635376 -4.61123239746 5.30555087891 -3.430890979 7.88410606689
0.167594116211 -8.84418093262 -4.62320340576 5.28879146729 -3.40934316406 7.85776984863
0.208295544434 -8.88009395752 -4.72854827881 5.25048424072 -3.32554610596 8.00860455322
0.181959326172 -8.83460412598 -4.59207878418 5.32231029053 -3.45243879395 7.87452926025
0.296881005859 -8.87769975586 -4.72136567383 5.32231029053 -3.48116921387 7.92480749512
0.191536132812 -8.76038387451 -4.69742365723 5.31033928223 -3.47638081055 7.90086547852
0.30166940918 -8.86812294922 -4.62320340576 5.27921466064 -3.46201560059 7.84101043701
0.208295544434 -8.84418093262 -4.6327802124 5.30794508057 -3.44525618896 7.92241329346
0.136469494629 -8.8753055542 -4.60404979248 5.30315667725 -3.40934316406 7.91044228516
0.222660754395 -8.76756647949 -4.64714542236 5.27442625732 -3.48835181885 7.85776984863
0.16041151123 -8.82263311768 -4.6327802124 5.29118566895 -3.42370837402 7.88650026855
0.205901342773 -8.86572874756 -4.66151063232 5.31273348389 -3.44046778564 7.86495245361
0.174776721191 -8.79869110107 -4.56574256592 5.32231029053 -3.45722719727 7.89368287354
0.217872351074 -8.77235488281 -4.6686932373 5.33188709717 -3.40934316406 7.96072052002
0.193930334473 -8.84178673096 -4.70221206055 5.35582911377 -3.48595761719 7.80509741211
0.174776721191 -8.8633345459 -4.69502945557 5.30794508057 -3.45722719727 7.83382783203
0.167594116211 -8.84896933594 -4.72375987549 5.31752188721 -3.45004459229 7.9319901001
0.179565124512 -8.827421521 -4.62559760742 5.26724365234 -3.42610257568 7.88650026855
0.131681091309 -8.80587370605 -4.68545264893 5.38934793701 -3.46919820557 7.88171186523
0.289698400879 -8.84178673096 -4.68545264893 5.34385810547 -3.45004459229 7.84819304199
0.193930334473 -8.85854614258 -4.72375987549 5.28639726562 -3.43567938232 7.92241329346
0.296881005859 -8.88248815918 -4.66629903564 5.31752188721 -3.39018955078 7.88410606689
0.215478149414 -8.83460412598 -4.67348164062 5.35822331543 -3.48356341553 7.84579884033
0.167594116211 -8.85854614258 -4.68545264893 5.35822331543 -3.49553442383 7.89368287354
0.16041151123 -8.85615194092 -4.63038601074 5.29118566895 -3.34469971924 7.92480749512
0.172382519531 -8.82263311768 -4.67587584229 5.2816088623 -3.42131417236 7.87213505859
0.217872351074 -8.82981572266 -4.68305844727 5.34864650879 -3.65594593506 7.87931766357
0.167594116211 -8.85615194092 -4.74770189209 5.35104071045 -3.47638081055 7.9439611084
0.174776721191 -8.8393925293 -4.73812508545 5.34625230713 -3.42131417236 7.88889447021
0.136469494629 -8.80108530273 -4.74530769043 5.30315667725 -3.45004459229 7.86495245361
0.191536132812 -8.85375773926 -4.70460626221 5.33428129883 -3.43567938232 7.92480749512
0.205901342773 -8.83220992432 -4.60644399414 5.28400306396 -3.41652576904 7.87452926025
0.138863696289 -8.827421521 -4.73812508545 5.34385810547 -3.45483299561 7.89368287354
0.174776721191 -8.80108530273 -4.63517441406 5.32709869385 -3.48835181885 7.84340463867
0.203507141113 -9.04050546875 -4.69742365723 5.27442625732 -3.44765039062 7.9200190918
0.172382519531 -8.86094034424 -4.68545264893 5.29118566895 -3.48356341553 7.92480749512
0.15562310791 -8.8393925293 -4.68066424561 5.33428129883 -3.45722719727 7.68299312744
0.167594116211 -8.84657513428 -4.73812508545 5.49948121338 -3.44765039062 7.91762489014
0.181959326172 -8.87769975586 -4.64953962402 5.29597407227 -3.42610257568 7.9918451416
0.143652099609 -8.8154505127 -4.50828172607 5.27921466064 -3.47877501221 7.93677850342
0.00239420166016 -8.80587370605 -4.76206710205 5.29836827393 -3.49074602051 7.85298144531
0.0287304199219 -8.80108530273 -4.69263525391 5.32949289551 -3.46680400391 7.90565388184
0.196324536133 -8.8513635376 -4.62320340576 5.33667550049 -3.4189199707 7.81706842041
0.292092602539 -8.86812294922 -4.6686932373 5.29597407227 -3.41652576904 7.91523068848
0.205901342773 -8.82981572266 -4.71897147217 5.32709869385 -3.45483299561 7.66623371582
0.00478840332031 -8.85854614258 -4.71178886719 5.27203205566 -3.43567938232 7.85058724365
0.203507141113 -8.81784471436 -4.68066424561 5.32949289551 -3.48835181885 7.82903942871
0.208295544434 -8.83460412598 -4.61362659912 5.35104071045 -3.42849677734 7.91523068848
0.198718737793 -8.827421521 -4.48194550781 5.31991608887 -3.40216055908 7.87931766357
0.198718737793 -8.80826790771 -4.65911643066 5.31991608887 -3.49553442383 7.79073220215
0.29927520752 -8.77235488281 -4.64235701904 5.2097828125 -3.49074602051 7.86495245361
0.184353527832 -8.78672009277 -4.67108743896 5.32709869385 -3.42131417236 7.88410606689
0.193930334473 -8.76517227783 -4.54419475098 5.29357987061 -3.47398660889 7.79312640381
0.181959326172 -8.84657513428 -4.68305844727 5.33428129883 -3.44046778564 7.89368287354
0.177170922852 -9.02853446045 -4.74770189209 5.36061751709 -3.49553442383 7.90086547852
0.181959326172 -8.86094034424 -4.66390483398 5.31512768555 -3.45722719727 7.88171186523
0.292092602539 -8.83220992432 -4.60644399414 5.29836827393 -3.41652576904 7.87692346191
0.15083470459 -8.87051715088 -4.85783516846 5.31512768555 -3.48116921387 7.91523068848
0.134075292969 -8.82502731934 -4.68305844727 5.30076247559 -3.42849677734 7.83143363037
0.174776721191 -8.77474908447 -4.61841500244 5.33667550049 -3.43567938232 7.91283648682
0.167594116211 -8.82502731934 -4.69742365723 5.35582911377 -3.51468803711 7.86016405029
0.00239420166016 -8.83699832764 -4.72136567383 5.35822331543 -3.46440980225 7.89847127686
0.14844050293 -8.84418093262 -4.72615407715 5.34625230713 -3.46680400391 7.91762489014
0.191536132812 -8.8154505127 -4.67108743896 5.31273348389 -3.40455476074 7.91762489014
0.131681091309 -8.80587370605 -4.64714542236 5.31273348389 -3.43807358398 7.91044228516
0.0933738647461 -8.76996068115 -4.72854827881 5.35822331543 -3.47159240723 7.94156690674
0.189141931152 -8.79390269775 -4.71418306885 5.32949289551 -3.43328518066 7.82425102539
0.16041151123 -8.84418093262 -4.73333668213 5.31033928223 -3.44765039062 7.90565388184
0.0430956298828 -8.8513635376 -4.74291348877 5.31512768555 -3.45004459229 7.96311472168
0.119710083008 -8.80587370605 -4.73094248047 5.32709869385 -3.49314022217 7.81228001709
0.210689746094 -8.76517227783 -4.69742365723 5.36301171875 -3.50271702881 7.87213505859
0.0 -8.80826790771 -4.68784685059 5.29118566895 -3.39258375244 7.9439611084
0.165199914551 -8.81066210937 -4.69502945557 5.31033928223 -3.43807358398 7.8960770752
0.162805712891 -8.89445916748 -4.69024105225 5.29357987061 -3.46680400391 7.90565388184
0.15562310791 -8.82981572266 -4.73094248047 5.33906970215 -3.47638081055 7.88650026855
0.179565124512 -8.77714328613 -4.60404979248 5.29357987061 -3.48116921387 7.67102211914
0.196324536133 -8.77953748779 -4.61602080078 5.28639726562 -3.40455476074 7.71651195068
0.222660754395 -8.86812294922 -4.74770189209 5.50666381836 -3.42849677734 7.83382783203
0.217872351074 -8.8154505127 -4.65432802734 5.36061751709 -3.51947644043 7.88889447021
0.193930334473 -8.78672009277 -4.68066424561 5.2097828125 -3.48356341553 7.81706842041
0.177170922852 -8.86094034424 -4.72854827881 5.2816088623 -3.46440980225 7.91044228516
0.129286889648 -8.8513635376 -4.69024105225 5.27442625732 -3.22020123291 7.86255825195
0.174776721191 -8.78193168945 -4.67348164062 5.34385810547 -3.49553442383 7.82185682373
0.201112939453 -8.83699832764 -4.82431634521 5.36780012207 -3.3830069458 7.93438430176
0.177170922852 -8.81305631104 -4.79079752197 5.34146390381 -3.48116921387 7.88889447021
0.143652099609 -8.84418093262 -4.68305844727 5.30794508057 -3.45004459229 7.85776984863
0.141257897949 -8.79390269775 -4.76206710205 5.30315667725 -3.46201560059 7.96072052002
0.198718737793 -8.80108530273 -4.66629903564 5.34625230713 -3.48116921387 7.85776984863
0.213083947754 -8.85375773926 -4.73573088379 5.33188709717 -3.47877501221 7.93438430176
0.112527478027 -8.83699832764 -4.71897147217 5.37258852539 -3.45962139893 7.83622203369
0.198718737793 -8.80826790771 -4.80995113525 5.27442625732 -3.47398660889 7.91523068848
0.0143652099609 -8.77474908447 -4.74530769043 5.29357987061 -3.49792862549 7.81467421875
0.179565124512 -8.76277807617 -4.81952794189 5.32949289551 -3.53384165039 7.84579884033
0.30406361084 -8.81784471436 -4.73812508545 5.34625230713 -3.49792862549 7.87213505859
0.165199914551 -8.79869110107 -4.75488449707 5.37258852539 -3.3710359375 7.87931766357
0.186747729492 -8.74123026123 -4.70221206055 5.36301171875 -3.43328518066 7.85776984863
0.217872351074 -8.79150849609 -4.88656558838 5.37019432373 -3.47877501221 7.90565388184
0.134075292969 -8.84896933594 -4.71178886719 5.33428129883 -3.43807358398 7.89368287354
0.15083470459 -8.77953748779 -4.74051928711 5.30315667725 -3.47638081055 7.81706842041
0.174776721191 -8.78672009277 -4.68545264893 5.37498272705 -3.46680400391 7.84819304199
0.196324536133 -8.8154505127 -4.74530769043 5.35343491211 -3.45004459229 7.83382783203
0.191536132812 -8.74841286621 -4.76206710205 5.38216533203 -3.51947644043 7.94874951172
0.126892687988 -8.8154505127 -4.70460626221 5.35343491211 -3.49314022217 7.82903942871
0.107739074707 -8.8513635376 -4.71657727051 5.34385810547 -3.4428619873 7.84340463867
0.15801730957 -8.83220992432 -4.65432802734 5.30794508057 -3.4428619873 7.89128867187
0.167594116211 -8.79390269775 -4.68545264893 5.32949289551 -3.49314022217 7.82425102539
0.191536132812 -8.82023891602 -4.73094248047 5.35343491211 -3.45243879395 7.9439611084
0.0239420166016 -8.82023891602 -4.64235701904 5.34146390381 -3.48116921387 7.86016405029
0.203507141113 -8.81784471436 -4.71897147217 5.30076247559 -3.54581265869 7.86255825195
0.15562310791 -8.82023891602 -4.70939466553 5.27442625732 -3.46201560059 7.9080480835
0.15322890625 -8.80826790771 -4.6686932373 5.33906970215 -3.47638081055 7.88650026855
0.179565124512 -8.827421521 -4.63517441406 5.50187541504 -3.46919820557 7.94156690674
0.181959326172 -8.78672009277 -4.66151063232 5.32709869385 -3.49553442383 7.84340463867
0.16041151123 -8.8393925293 -4.61123239746 5.33188709717 -3.46201560059 7.85776984863
0.165199914551 -8.82263311768 -4.6088381958 5.31512768555 -3.45722719727 7.90565388184
0.296881005859 -8.8154505127 -4.78600911865 5.33428129883 -3.49314022217 7.84340463867
0.129286889648 -8.84896933594 -4.89374819336 5.24330163574 -3.45004459229 7.86974085693
0.131681091309 -8.82502731934 -4.70460626221 5.36780012207 -3.47638081055 7.87692346191
0.124498486328 -8.75320126953 -4.66629903564 5.33188709717 -3.44525618896 7.89368287354
0.134075292969 -8.81305631104 -4.68305844727 5.35104071045 -3.45722719727 7.82185682373
0.189141931152 -8.82502731934 -4.75488449707 5.21217701416 -3.49314022217 7.90325968018
0.30166940918 -8.79150849609 -4.80755693359 5.31752188721 -3.42610257568 7.90086547852
0.16041151123 -8.79869110107 -4.67827004395 5.28400306396 -3.45483299561 7.69496413574
0.122104284668 -8.89445916748 -4.73094248047 5.28639726562 -3.44765039062 7.92480749512
0.0981622680664 -8.82981572266 -4.68066424561 5.34864650879 -3.49792862549 7.88889447021
0.122104284668 -8.78911429443 -4.65911643066 5.32709869385 -3.45243879395 7.82425102539
0.14604630127 -8.81305631104 -4.73812508545 5.21457121582 -3.4189199707 7.81946262207
0.181959326172 -8.82263311768 -4.71178886719 5.21935961914 -3.47638081055 7.86734665527
0.177170922852 -8.83460412598 -4.70221206055 5.2217538208 -3.52905324707 7.82664522705
0.167594116211 -8.85615194092 -4.67827004395 5.30794508057 -3.3949779541 7.8960770752
0.205901342773 -8.9231895874 -4.61841500244 5.28879146729 -3.430890979 7.89368287354
0.134075292969 -8.83699832764 -4.68784685059 5.32470449219 -3.50511123047 7.88650026855
0.189141931152 -8.75320126953 -4.63996281738 5.39892474365 -3.53623585205 7.75721337891
0.169988317871 -8.80347950439 -4.75727869873 5.35343491211 -3.45722719727 7.86255825195
0.196324536133 -8.84657513428 -4.73812508545 5.33667550049 -3.430890979 7.86974085693
0.131681091309 -8.8154505127 -4.69502945557 5.32231029053 -3.51468803711 7.91523068848
0.0790086547852 -8.78911429443 -4.71657727051 5.32709869385 -3.53863005371 7.87692346191
0.141257897949 -8.88488236084 -4.79079752197 5.30315667725 -3.53384165039 7.8960770752
0.110133276367 -8.81784471436 -4.72854827881 5.31512768555 -3.46201560059 7.89128867187
0.141257897949 -8.75320126953 -4.656722229 5.34385810547 -3.51708223877 7.87452926025
0.126892687988 -8.77714328613 -4.70939466553 5.30076247559 -3.46201560059 7.82185682373
0.14604630127 -8.82263311768 -4.72375987549 5.21457121582 -3.49792862549 7.88410606689
0.0885854614258 -8.82263311768 -4.67827004395 5.35343491211 -3.54102425537 7.86255825195
0.141257897949 -8.84896933594 -4.67348164062 5.25287844238 -3.48835181885 7.87692346191
0.15562310791 -8.82023891602 -4.69024105225 5.27682045898 -3.45243879395 7.88410606689
0.0981622680664 -8.79150849609 -4.72615407715 5.31991608887 -3.47877501221 7.8960770752
0.112527478027 -8.79869110107 -4.82431634521 5.31273348389 -3.47159240723 7.70454094238
0.134075292969 -8.78193168945 -4.67587584229 5.33188709717 -3.47159240723 7.81946262207
0.143652099609 -8.84657513428 -4.80516273193 5.27442625732 -3.45243879395 7.93677850342
0.134075292969 -8.82502731934 -4.72615407715 5.27921466064 -3.48595761719 7.85776984863
0.131681091309 -8.81784471436 -4.69502945557 5.32709869385 -3.45483299561 7.90325968018
0.14604630127 -8.79869110107 -4.76924970703 5.32949289551 -3.46680400391 7.88889447021
0.15322890625 -8.75798967285 -4.70700046387 5.35582911377 -3.49553442383 7.82664522705
0.177170922852 -8.81066210937 -4.69263525391 5.34146390381 -3.48356341553 7.86016405029
0.225054956055 -8.85615194092 -4.75967290039 5.33428129883 -3.4428619873 7.86734665527
0.129286889648 -8.82023891602 -4.65911643066 5.28879146729 -3.42131417236 7.84579884033
0.138863696289 -8.84418093262 -4.66390483398 5.32470449219 -3.48356341553 7.95832631836
0.201112939453 -8.86094034424 -4.68784685059 5.29597407227 -3.50032282715 7.9080480835
0.14604630127 -8.8154505127 -4.65432802734 5.33906970215 -3.49314022217 7.83861623535
0.138863696289 -8.86094034424 -4.67827004395 5.33667550049 -3.46440980225 7.88410606689
0.141257897949 -8.83220992432 -4.72136567383 5.37977113037 -3.46440980225 7.9080480835
0.172382519531 -8.83699832764 -4.6327802124 5.29836827393 -3.46440980225 7.87452926025
0.15562310791 -8.80347950439 -4.6686932373 5.34864650879 -3.54341845703 7.69017573242
0.30166940918 -8.84657513428 -4.88417138672 5.36301171875 -3.46680400391 7.83382783203
0.124498486328 -8.82502731934 -4.75009609375 5.37498272705 -3.37821854248 7.85776984863
0.112527478027 -8.82023891602 -4.72136567383 5.31512768555 -3.44046778564 7.84101043701
0.105344873047 -8.89206496582 -4.59926138916 5.30555087891 -3.43807358398 7.87931766357
0.107739074707 -8.79390269775 -4.65193382568 5.32231029053 -3.55060106201 7.90565388184
0.0981622680664 -8.81784471436 -4.6686932373 5.34864650879 -3.52426484375 7.85298144531
0.110133276367 -8.80108530273 -4.70700046387 5.31752188721 -3.47638081055 7.8960770752
0.15083470459 -8.83460412598 -4.74051928711 5.33667550049 -3.46201560059 7.86734665527
0.14844050293 -8.83220992432 -4.69024105225 5.34625230713 -3.44525618896 7.86255825195
0.129286889648 -8.79150849609 -4.64953962402 5.30555087891 -3.67270534668 7.86974085693
0.131681091309 -8.89445916748 -4.71418306885 5.27682045898 -3.47398660889 7.9200190918
0.0981622680664 -8.79150849609 -4.75727869873 5.33188709717 -3.48835181885 7.88171186523
0.0885854614258 -8.78432589111 -4.62799180908 5.31752188721 -3.46919820557 7.84579884033
0.15322890625 -8.78193168945 -4.80276853027 5.31512768555 -3.48835181885 7.68299312744
0.30166940918 -8.85375773926 -4.78600911865 5.49948121338 -3.50271702881 7.85298144531
0.134075292969 -8.84657513428 -4.67587584229 5.34146390381 -3.48595761719 7.87452926025
0.0239420166016 -8.77474908447 -4.75967290039 5.34864650879 -3.50750543213 7.81946262207
0.136469494629 -8.8753055542 -4.72136567383 5.33428129883 -3.38779534912 7.9200190918
0.167594116211 -8.84657513428 -4.65193382568 5.30555087891 -3.50271702881 7.90086547852
0.186747729492 -8.80587370605 -4.72615407715 5.35104071045 -3.42131417236 7.85537564697
0.136469494629 -8.82263311768 -4.77882651367 5.34864650879 -3.48116921387 7.9319901001
0.210689746094 -8.827421521 -4.903325 5.32949289551 -3.47159240723 7.89847127686
0.138863696289 -8.79869110107 -4.70939466553 5.33667550049 -3.51468803711 7.89368287354
0.179565124512 -8.85375773926 -4.73333668213 5.32470449219 -3.430890979 7.88650026855
0.138863696289 -8.88009395752 -4.69742365723 5.31033928223 -3.47638081055 7.93917270508
0.122104284668 -8.81066210937 -4.70221206055 5.35582911377 -3.49553442383 7.85776984863
0.119710083008 -8.87051715088 -4.76446130371 5.36061751709 -3.51947644043 7.81228001709
0.167594116211 -8.83699832764 -4.72615407715 5.51145222168 -3.41413156738 7.84579884033
0.138863696289 -8.83460412598 -4.67827004395 5.28400306396 -3.47159240723 7.92959589844
0.134075292969 -8.82023891602 -4.73812508545 5.34385810547 -3.49074602051 7.83382783203
0.30166940918 -8.84178673096 -4.74291348877 5.33428129883 -3.53863005371 7.86016405029
0.15322890625 -8.79869110107 -4.69981785889 5.30555087891 -3.42131417236 7.84101043701
0.162805712891 -8.74362446289 -4.62559760742 5.29357987061 -3.41652576904 7.79312640381
0.167594116211 -8.80108530273 -4.69742365723 5.30794508057 -3.47398660889 7.86255825195
0.167594116211 -8.86094034424 -4.88417138672 5.35343491211 -3.48595761719 7.91283648682
0.122104284668 -8.78432589111 -4.70939466553 5.33188709717 -3.46201560059 7.79312640381
0.136469494629 -8.76517227783 -4.74051928711 5.32470449219 -3.49074602051 7.86495245361
0.138863696289 -8.8393925293 -4.72615407715 5.31512768555 -3.42131417236 7.86016405029
0.126892687988 -8.80587370605 -4.65911643066 5.32470449219 -3.49314022217 7.8960770752
0.167594116211 -8.78672009277 -4.88895979004 5.30794508057 -3.50511123047 7.79312640381
0.201112939453 -8.80347950439 -4.67108743896 5.33906970215 -3.51708223877 7.8960770752
0.16041151123 -8.82502731934 -4.67827004395 5.29597407227 -3.40934316406 7.84819304199
0.122104284668 -8.76996068115 -4.66151063232 5.33188709717 -3.47638081055 7.83622203369
0.143652099609 -8.81305631104 -4.73812508545 5.36780012207 -3.50271702881 7.87931766357
0.172382519531 -8.82263311768 -4.69502945557 5.33667550049 -3.49074602051 7.88171186523
0.16041151123 -8.84896933594 -4.76446130371 5.30555087891 -3.46680400391 7.87452926025
0.15083470459 -8.8992475708 -4.71418306885 5.27921466064 -3.42610257568 7.92480749512
0.124498486328 -8.82981572266 -4.73573088379 5.31512768555 -3.47638081055 7.95114371338
0.134075292969 -8.827421521 -4.69742365723 5.32949289551 -3.52426484375 7.90325968018
0.165199914551 -8.80826790771 -4.88895979004 5.34625230713 -3.46680400391 7.80988581543
0.165199914551 -8.83460412598 -4.71178886719 5.30315667725 -3.45722719727 7.91283648682
0.167594116211 -8.82981572266 -4.63517441406 5.32709869385 -3.44765039062 7.6853873291
0.131681091309 -8.8633345459 -4.67348164062 5.34385810547 -3.47398660889 7.87931766357
0.138863696289 -8.82502731934 -4.6686932373 5.29597407227 -3.40934316406 7.82903942871
0.076614453125 -8.81066210937 -4.64953962402 5.2816088623 -3.48116921387 7.88410606689
0.141257897949 -8.80108530273 -4.67587584229 5.35104071045 -3.43807358398 7.8960770752
0.0 -8.81305631104 -4.73573088379 5.29597407227 -3.50750543213 7.87931766357
0.114921679688 -8.80587370605 -4.74051928711 5.28639726562 -3.49792862549 7.91523068848
0.129286889648 -8.81784471436 -4.64953962402 5.32470449219 -3.47877501221 7.86495245361
0.105344873047 -8.82502731934 -4.79558592529 5.31752188721 -3.50750543213 7.93917270508
0.131681091309 -8.79629689941 -4.74530769043 5.30794508057 -3.37343013916 7.89368287354
0.112527478027 -8.85375773926 -4.67827004395 5.33906970215 -3.41173736572 7.88171186523
0.16041151123 -8.81784471436 -4.64953962402 5.31273348389 -3.46919820557 7.86974085693
0.100556469727 -8.8154505127 -4.656722229 5.35104071045 -3.45004459229 7.89368287354
0.0957680664062 -8.81066210937 -4.75249029541 5.33906970215 -3.4428619873 7.80270321045
0.15083470459 -8.83460412598 -4.903325 5.33428129883 -3.53144744873 7.96072052002
0.138863696289 -8.81784471436 -4.71418306885 5.28639726562 -3.45962139893 7.82185682373
0.141257897949 -8.81784471436 -4.67108743896 5.27682045898 -3.4428619873 7.85537564697
0.102950671387 -8.82263311768 -4.67587584229 5.31033928223 -3.41173736572 7.96550892334
0.134075292969 -8.77714328613 -4.70460626221 5.30794508057 -3.67509954834 7.85776984863
0.272938989258 -8.89445916748 -4.76924970703 5.32709869385 -3.53144744873 7.90086547852
0.143652099609 -8.87291135254 -4.71178886719 5.31033928223 -3.4428619873 7.93677850342
0.105344873047 -8.83460412598 -4.656722229 5.32709869385 -3.46680400391 7.86734665527
0.29927520752 -8.80826790771 -4.65911643066 5.31752188721 -3.48116921387 7.92959589844
0.186747729492 -8.83220992432 -4.64953962402 5.31512768555 -3.43328518066 7.86974085693
0.162805712891 -8.84657513428 -4.68545264893 5.29118566895 -3.44525618896 7.86495245361
0.143652099609 -8.77474908447 -4.64235701904 5.269637854 -3.4428619873 7.89128867187
0.270544787598 -8.82263311768 -4.70460626221 5.2217538208 -3.41413156738 7.85058724365
0.117315881348 -8.86094034424 -4.656722229 5.32470449219 -3.47398660889 7.86974085693
0.138863696289 -8.8633345459 -4.65911643066 5.269637854 -3.46440980225 7.88410606689
0.0933738647461 -8.82502731934 -4.73094248047 5.26484945068 -3.45722719727 7.83143363037
0.141257897949 -8.79629689941 -4.71418306885 5.33667550049 -3.37343013916 7.89368287354
0.0837970581055 -8.82502731934 -4.72854827881 5.27921466064 -3.52905324707 7.87452926025
0.00957680664062 -8.84418093262 -4.72136567383 5.27921466064 -3.44765039062 7.94635531006
0.114921679688 -8.8154505127 -4.66629903564 5.30794508057 -3.50750543213 7.85537564697
0.134075292969 -8.80347950439 -4.69502945557 5.33188709717 -3.47159240723 7.88889447021
0.215478149414 -8.78672009277 -4.84825836182 5.37498272705 -3.52426484375 7.86734665527
0.169988317871 -8.83460412598 -4.79319172363 5.42047255859 -3.54341845703 7.82185682373
0.00239420166016 -8.80347950439 -4.72854827881 5.30076247559 -3.40934316406 7.94156690674
0.177170922852 -8.78672009277 -4.73812508545 5.29357987061 -3.45483299561 7.94635531006
0.172382519531 -8.78911429443 -4.78122071533 5.36301171875 -3.47398660889 7.85776984863
0.162805712891 -8.71249984131 -4.81473953857 5.43244356689 -3.50750543213 7.66623371582
0.0263362182617 -8.75559547119 -4.84586416016 5.41807835693 -3.51229383545 7.83622203369
0.229843359375 -8.83699832764 -4.81952794189 5.30076247559 -3.44765039062 7.84819304199
0.15562310791 -8.78672009277 -4.78600911865 5.35822331543 -3.48835181885 7.87931766357
0.112527478027 -8.8154505127 -4.62559760742 5.33428129883 -3.42131417236 7.82903942871
0.0933738647461 -8.79629689941 -4.74051928711 5.34146390381 -3.47877501221 7.83143363037
0.177170922852 -8.79869110107 -4.86501777344 5.34864650879 -3.67509954834 7.85298144531
0.110133276367 -8.76756647949 -4.78840332031 5.33667550049 -3.46440980225 7.83622203369
0.0 -8.76996068115 -4.71897147217 5.35104071045 -3.49314022217 7.87452926025
0.15083470459 -8.827421521 -4.74530769043 5.31752188721 -3.41652576904 7.87213505859
0.30406361084 -8.76756647949 -4.67827004395 5.28400306396 -3.46440980225 7.79552060547
0.181959326172 -8.79869110107 -4.77643231201 5.37019432373 -3.50032282715 7.79791480713
0.114921679688 -8.80108530273 -4.76685550537 5.33428129883 -3.50750543213 7.83861623535
0.143652099609 -8.79150849609 -4.74291348877 5.32470449219 -3.48116921387 7.90325968018
0.16041151123 -8.8393925293 -4.84586416016 5.29357987061 -3.47398660889 7.86255825195
0.162805712891 -8.85375773926 -4.72615407715 5.34864650879 -3.48356341553 7.83382783203
0.208295544434 -8.69095202637 -4.65193382568 5.31512768555 -3.46201560059 7.82903942871
0.162805712891 -8.79869110107 -4.67348164062 5.37498272705 -3.41413156738 7.82903942871
0.15322890625 -8.83699832764 -4.75488449707 5.33428129883 -3.46440980225 7.88410606689
0.14604630127 -8.77953748779 -4.73094248047 5.35822331543 -3.54102425537 7.79552060547
0.114921679688 -8.74841286621 -4.61123239746 5.38695373535 -3.61285030518 7.86734665527
0.131681091309 -8.79150849609 -4.81473953857 5.2816088623 -3.49314022217 7.81946262207
0.287304199219 -8.8393925293 -4.72136567383 5.29357987061 -3.42131417236 7.9200190918
0.114921679688 -8.78672009277 -4.61123239746 5.32709869385 -3.47398660889 7.78833800049
0.167594116211 -8.73165345459 -4.71657727051 5.37498272705 -3.50271702881 7.79552060547
0.15801730957 -8.83699832764 -4.77403811035 5.39413634033 -3.47398660889 7.91044228516
0.189141931152 -8.82263311768 -4.76924970703 5.31752188721 -3.50032282715 7.87692346191
0.110133276367 -8.73404765625 -4.78361491699 5.31752188721 -3.50271702881 7.95832631836
0.186747729492 -8.76756647949 -4.8434699585 5.33667550049 -3.50989963379 7.83622203369
0.196324536133 -8.76277807617 -4.73812508545 5.42047255859 -3.46440980225 7.80030900879
0.198718737793 -8.84896933594 -4.65193382568 5.43723197021 -3.49792862549 7.91283648682
0.0933738647461 -8.67419261475 -4.656722229 5.4803276001 -3.59130249023 7.74284816895
0.30166940918 -8.63827958984 -4.93444962158 5.33667550049 -3.61285030518 7.67820472412
-0.0526724365234 -8.97586202393 -4.67108743896 5.33667550049 -3.37821854248 7.84819304199
0.246602770996 -8.827421521 -4.78361491699 5.48751020508 -3.65834013672 7.8960770752
0.0837970581055 -8.76277807617 -4.93684382324 5.44202037354 -3.6296097168 7.82185682373
0.248996972656 -8.5209637085 -4.90571920166 5.33906970215 -3.86424147949 7.38850632324
0.213083947754 -8.42998404541 -5.00388146973 5.40371314697 -3.44525618896 7.64708010254
1.39821376953 -8.42758984375 -4.09169063721 5.24809003906 -3.46919820557 7.68059892578
0.450109912109 -8.65982740479 -4.99669886475 5.42765516357 -3.55778366699 7.73087716064
0.469263525391 -8.53772312012 -5.11880314941 5.62637390137 -3.87381828613 7.47709178467
0.31364041748 -8.72447084961 -4.85304676514 5.72453616943 -3.45483299561 7.55849464111
0.253785375977 -8.57363614502 -4.87698878174 5.59046087646 -3.52905324707 7.65186850586
0.0933738647461 -8.47307967529 -5.10683214111 5.36061751709 -3.9480385376 7.46272657471
-0.0191536132812 -8.6526447998 -4.98951625977 5.19541760254 -3.85466467285 7.76200178223
0.045489831543 -8.59518395996 -4.83628735352 5.10922634277 -3.72777198486 7.70454094238
0.0239420166016 -8.63109698486 -4.95360323486 5.06852491455 -3.69425316162 7.64708010254
0.0263362182617 -8.60715496826 -5.03021768799 5.40850155029 -3.88100089111 7.67102211914
-0.0550666381836 -8.6406737915 -5.01345827637 5.38934793701 -3.83311685791 7.69256993408
-0.00239420166016 -8.59039555664 -4.97754525146 5.28639726562 -3.88818349609 7.63510909424
-0.114921679688 -8.68616362305 -4.92008441162 5.18344659424 -3.9121255127 7.70454094238
-0.0167594116211 -8.70531723633 -4.98712205811 5.26724365234 -3.78762702637 7.76200178223
0.045489831543 -8.66940421143 -4.96796844482 5.31273348389 -3.80678063965 7.74284816895
0.0119710083008 -8.68616362305 -5.01345827637 5.41328995361 -3.89776030273 7.70454094238
0.0287304199219 -8.60715496826 -5.16429298096 5.42047255859 -3.88339509277 7.56567724609
0.0885854614258 -8.64306799316 -5.19302340088 5.33428129883 -3.78044442139 7.68778153076
0.0383072265625 -8.62391437988 -4.9631800415 5.31033928223 -3.7493197998 7.69017573242
-0.0526724365234 -8.57842454834 -5.06373651123 5.37019432373 -3.96958635254 7.63510909424
0.131681091309 -8.67419261475 -5.09486113281 5.33667550049 -3.79720383301 7.75003077393
-0.0574608398438 -8.64306799316 -5.03979449463 5.26484945068 -3.84508786621 7.69017573242
0.0 -8.63827958984 -5.09486113281 5.30076247559 -3.90973131104 7.51779321289
-0.0287304199219 -8.65982740479 -5.05894810791 5.37498272705 -3.85705887451 7.63510909424
0.14844050293 -8.67179841309 -5.05655390625 5.33188709717 -3.78762702637 7.65186850586
-0.0119710083008 -8.6047607666 -5.02542928467 5.32470449219 -3.79720383301 7.69496413574
-0.0191536132812 -8.73404765625 -5.02303508301 5.31752188721 -3.84269366455 7.74045396729
-0.0335188232422 -8.67179841309 -4.99191046143 5.28879146729 -3.87381828613 7.69017573242
-0.0143652099609 -8.66461580811 -4.94402642822 5.31991608887 -3.86902988281 7.67102211914
0.00239420166016 -8.68376942139 -5.07570751953 5.32709869385 -3.83072265625 7.6853873291
0.0143652099609 -8.67419261475 -5.17865819092 5.32709869385 -3.83311685791 7.53934102783
0.0191536132812 -8.63349118652 -4.96557424316 5.26245524902 -3.76847341309 7.7093293457
-0.141257897949 -8.64785639648 -5.20260020752 5.29597407227 -3.85705887451 7.67820472412
-0.0574608398438 -8.65982740479 -4.9751510498 5.29357987061 -3.92170231934 7.76439598389
-0.0119710083008 -8.65982740479 -4.99191046143 5.30315667725 -3.83311685791 7.7332713623
-0.045489831543 -8.6406737915 -5.02542928467 5.31752188721 -3.82832845459 7.65905111084
-0.0502782348633 -8.63827958984 -4.96557424316 5.30555087891 -3.82114584961 7.73087716064
-0.0478840332031 -8.67658681641 -5.01824667969 5.23133062744 -3.85945307617 7.70693514404
-0.0574608398438 -8.66940421143 -4.99430466309 5.26724365234 -3.82114584961 7.68299312744
-0.0407014282227 -8.58321295166 -4.95839163818 5.28639726562 -3.81396324463 7.72848295898
-0.0167594116211 -8.67419261475 -5.00866987305 5.31752188721 -3.87142408447 7.65905111084
-0.031124621582 -8.60236656494 -4.9751510498 5.26006104736 -3.83551105957 7.70693514404
-0.0119710083008 -8.69095202637 -4.99191046143 5.269637854 -3.93367332764 7.7093293457
-0.0239420166016 -8.69095202637 -4.98712205811 5.28879146729 -3.79959803467 7.74763657227
-0.0167594116211 -8.64785639648 -4.95360323486 5.24809003906 -3.82354005127 7.57285985107
-0.0239420166016 -8.69095202637 -5.04697709961 5.30076247559 -3.80438643799 7.68778153076
0.0191536132812 -8.70292303467 -4.97993945312 5.30076247559 -3.7373487915 7.72848295898
0.00957680664062 -8.71249984131 -5.02782348633 5.31273348389 -3.87621248779 7.70693514404
