-2.47799871826 -3.47398660889 -9.06684168701 -1.67594116211 -9.1817633667 -0.581791003418
-2.4875755249 -3.53863005371 -9.10036051025 -1.61369191895 -9.24880101318 -0.751779321289
-2.4875755249 -3.48595761719 -9.01895765381 -1.64481654053 -9.24880101318 -0.541089575195
-2.44447989502 -3.51947644043 -9.06684168701 -1.72143099365 -9.21528218994 -0.567425793457
-2.51870014648 -3.45004459229 -9.17697496338 -1.77410343018 -9.17218656006 -0.478840332031
-2.50912333984 -3.53623585205 -8.99980404053 -1.65199914551 -9.2176763916 -0.565031591797
-2.50912333984 -3.52426484375 -9.04050546875 -1.68551796875 -9.2296473999 -0.538695373535
-2.52109434814 -3.55778366699 -9.05965908203 -1.81959326172 -9.19852277832 -0.596156213379
-2.4995465332 -3.52665904541 -9.01177504883 -1.71424838867 -9.21049378662 -0.746990917969
-2.50672913818 -3.52187064209 -8.9112185791 -1.53947166748 -9.24640681152 -0.60812722168
-2.51870014648 -3.54102425537 -9.09557210693 -1.68312376709 -9.05247647705 -0.550666381836
-2.47081611328 -3.52905324707 -9.03332286377 -1.70706578369 -9.24401260986 -0.598550415039
-2.51870014648 -3.49792862549 -9.02374605713 -1.69748897705 -9.21528218994 -0.572214196777
-2.53306535645 -3.48835181885 -9.05008227539 -1.72621939697 -9.1817633667 -0.591367810059
-2.5115175415 -3.43567938232 -9.193734375 -1.77649763184 -9.1697923584 -0.469263525391
-2.48518132324 -3.46201560059 -9.02135185547 -1.72143099365 -9.14824454346 -0.567425793457
-2.46842191162 -3.43807358398 -9.06205328369 -1.74058460693 -9.19612857666 -0.569819995117
-2.50433493652 -3.49074602051 -9.09796630859 -1.76213242187 -9.1578213501 -0.586579406738
-2.47081611328 -3.45962139893 -9.03811126709 -1.78607443848 -9.22246479492 -0.550666381836
-2.30322199707 -3.46680400391 -9.18415756836 -1.77410343018 -9.17218656006 -0.577002600098
-2.49236392822 -3.43567938232 -9.03571706543 -1.74537301025 -9.18655177002 -0.586579406738
-2.50194073486 -3.49553442383 -8.9591026123 -1.8148048584 -9.15063874512 -0.596156213379
-2.52109434814 -3.43807358398 -9.17936916504 -1.8267758667 -9.18415756836 -0.629675036621
-2.4875755249 -3.430890979 -9.08120689697 -1.79804544678 -9.17936916504 -0.60573302002
-2.50433493652 -3.43567938232 -9.19134017334 -1.81241065674 -9.17697496338 -0.598550415039
-2.54982476807 -3.45722719727 -9.05487067871 -1.81959326172 -9.05247647705 -0.61052142334
-2.55461317139 -3.46440980225 -9.10275471191 -1.78846864014 -9.20331118164 -0.572214196777
-2.54503636475 -3.47398660889 -9.01177504883 -1.77649763184 -9.22725319824 -0.596156213379
-2.49715233154 -3.430890979 -9.08120689697 -1.80762225342 -9.16021555176 -0.555454785156
-2.51391174316 -3.44765039062 -9.02135185547 -1.98239897461 -9.16500395508 -0.536301171875
-2.50433493652 -3.48116921387 -9.17458076172 -1.80043964844 -9.16021555176 -0.521935961914
-2.49236392822 -3.44046778564 -9.03571706543 -1.80762225342 -9.1697923584 -0.476446130371
-2.47799871826 -3.44765039062 -9.04768807373 -1.79325704346 -9.19852277832 -0.545877978516
-2.51391174316 -3.39976635742 -9.04289967041 -1.8626888916 -9.1578213501 -0.588973608398
-2.48996972656 -3.47159240723 -8.99980404053 -1.83156427002 -9.19134017334 -0.567425793457
-2.50433493652 -3.45243879395 -9.06684168701 -1.82198746338 -9.17458076172 -0.543483776855
-2.50194073486 -3.48356341553 -9.07881269531 -1.79565124512 -9.17218656006 -0.567425793457
-2.50194073486 -3.50032282715 -8.90164177246 -1.78128603516 -9.34456907959 -0.598550415039
-2.50912333984 -3.50511123047 -8.99980404053 -1.78607443848 -9.17458076172 -0.629675036621
-2.4875755249 -3.46680400391 -9.03092866211 -1.78846864014 -9.34217487793 -0.565031591797
-2.45645090332 -3.48835181885 -9.02135185547 -1.81241065674 -9.22007059326 -0.588973608398
-2.47081611328 -3.50271702881 -9.14824454346 -1.80522805176 -9.15303294678 -0.598550415039
-2.51630594482 -3.46919820557 -9.01656345215 -1.79325704346 -9.1697923584 -0.61530982666
-2.51630594482 -3.45962139893 -9.03811126709 -1.84114107666 -9.16500395508 -0.474051928711
-2.48278712158 -3.3830069458 -8.99740983887 -1.86747729492 -9.13148513184 -0.533906970215
-2.45645090332 -3.50271702881 -9.00938084717 -1.84353527832 -9.17458076172 -0.567425793457
-2.50433493652 -3.50511123047 -9.04768807373 -1.838746875 -9.22246479492 -0.612915625
-2.47081611328 -3.42131417236 -9.04529387207 -1.86029468994 -9.16500395508 -0.569819995117
-2.49475812988 -3.43328518066 -9.00219824219 -1.79804544678 -9.16739815674 -0.584185205078
-2.51630594482 -3.46919820557 -9.10275471191 -1.96085115967 -9.11233151855 -0.588973608398
-2.44687409668 -3.45004459229 -9.04529387207 -1.8507178833 -9.19852277832 -0.521935961914
-2.52109434814 -3.42849677734 -9.12430252686 -1.88423670654 -9.12430252686 -0.565031591797
-2.49475812988 -3.44525618896 -9.07641849365 -1.88184250488 -9.13148513184 -0.596156213379
-2.50912333984 -3.46919820557 -9.1338793335 -1.86029468994 -9.14106193848 -0.543483776855
-2.50433493652 -3.4069489624 -9.10036051025 -1.8746598999 -9.14106193848 -0.565031591797
-2.53785375977 -3.45243879395 -9.03571706543 -1.69030637207 -9.16021555176 -0.600944616699
-2.53306535645 -3.47398660889 -9.09078370361 -1.8986019165 -9.16739815674 -0.545877978516
-2.47321031494 -3.47159240723 -9.03092866211 -1.82917006836 -9.12909093018 -0.476446130371
-2.52109434814 -3.45483299561 -9.1338793335 -1.84114107666 -9.12909093018 -0.567425793457
-2.53545955811 -3.47159240723 -9.07641849365 -1.838746875 -9.15063874512 -0.541089575195
-2.49236392822 -3.39737215576 -9.03811126709 -1.90339031982 -9.16739815674 -0.593762011719
-2.44447989502 -3.430890979 -9.02374605713 -1.87705410156 -9.15303294678 -0.567425793457
-2.48278712158 -3.39976635742 -9.1578213501 -1.89381351318 -9.17458076172 -0.560243188477
-2.49236392822 -3.45243879395 -9.04050546875 -1.84353527832 -9.16260975342 -0.555454785156
-2.46602770996 -3.65594593506 -9.07402429199 -1.7788918335 -9.17458076172 -0.553060583496
-2.48278712158 -3.47638081055 -9.07881269531 -1.84592947998 -9.04289967041 -0.612915625
-2.46123930664 -3.47877501221 -9.06684168701 -1.78607443848 -9.16260975342 -0.581791003418
-2.45884510498 -3.49074602051 -9.03571706543 -1.81959326172 -9.18415756836 -0.591367810059
-2.4636335083 -3.46680400391 -9.10514891357 -1.82917006836 -9.15303294678 -0.76135612793
-2.57137258301 -3.30399829102 -8.98065042725 -1.90578452148 -9.09317790527 -0.581791003418
-2.52588275146 -3.46440980225 -8.94234320068 -1.81959326172 -9.20809958496 -0.598550415039
-2.47321031494 -3.40455476074 -9.1219083252 -1.82917006836 -9.16500395508 -0.521935961914
-2.4875755249 -3.46680400391 -8.93755479736 -1.82438166504 -9.15303294678 -0.663193859863
-2.30322199707 -3.40934316406 -9.27513723145 -1.8267758667 -9.08838950195 -0.622492431641
-2.49236392822 -3.41652576904 -9.10993731689 -1.98479317627 -9.1578213501 -0.651222851562
-2.4995465332 -3.40934316406 -9.1458503418 -1.75016141357 -9.06444748535 -0.526724365234
-2.51870014648 -3.43328518066 -9.08599530029 -1.78607443848 -9.1458503418 -0.586579406738
-2.4875755249 -3.46201560059 -9.06684168701 -1.8148048584 -9.15303294678 -0.632069238281
-2.53545955811 -3.45962139893 -9.05726488037 -1.78846864014 -9.16500395508 -0.550666381836
-2.4875755249 -3.430890979 -9.06684168701 -1.98958157959 -9.1697923584 -0.569819995117
-2.48996972656 -3.45722719727 -9.10514891357 -1.76931502686 -9.17936916504 -0.548272180176
-2.53306535645 -3.44046778564 -9.09796630859 -1.96324536133 -9.20091697998 -0.560243188477
-2.48039291992 -3.45722719727 -9.07402429199 -1.81719906006 -9.16260975342 -0.644040246582
-2.52109434814 -3.43567938232 -8.9112185791 -1.85790048828 -9.17936916504 -0.596156213379
-2.4636335083 -3.45483299561 -9.06205328369 -1.8148048584 -9.1817633667 -0.598550415039
-2.59292039795 -3.47398660889 -9.07881269531 -1.80522805176 -9.04289967041 -0.588973608398
-2.49715233154 -3.43807358398 -9.05487067871 -1.82917006836 -9.19134017334 -0.579396801758
-2.52109434814 -3.44765039062 -9.12669672852 -1.79565124512 -9.21049378662 -0.60812722168
-2.48996972656 -3.430890979 -9.06684168701 -1.81001645508 -9.20091697998 -0.555454785156
-2.50912333984 -3.47638081055 -9.11233151855 -1.8148048584 -9.05247647705 -0.550666381836
-2.45884510498 -3.48356341553 -9.05487067871 -1.75494981689 -9.19852277832 -0.751779321289
-2.4756045166 -3.43807358398 -9.1219083252 -1.72621939697 -9.21528218994 -0.584185205078
-2.49475812988 -3.53144744873 -9.09796630859 -1.74776721191 -9.22485899658 -0.586579406738
-2.47081611328 -3.49074602051 -9.04289967041 -1.70227738037 -9.22485899658 -0.500388146973
-2.47799871826 -3.45004459229 -9.18655177002 -1.73579620361 -9.18894597168 -0.560243188477
-2.54982476807 -3.37582434082 -9.07163009033 -1.76931502686 -9.19134017334 -0.749385119629
-2.5234885498 -3.41413156738 -9.08360109863 -1.74058460693 -9.19612857666 -0.61052142334
-2.52588275146 -3.38779534912 -9.08599530029 -1.7669208252 -9.19134017334 -0.593762011719
-2.48996972656 -3.43328518066 -9.06684168701 -1.76213242187 -9.2057053833 -0.60812722168
-2.46602770996 -3.50271702881 -9.04768807373 -1.75973822021 -9.19134017334 -0.577002600098
-2.45884510498 -3.45004459229 -9.07641849365 -1.77170922852 -9.17218656006 -0.577002600098
-2.52588275146 -3.41173736572 -8.94234320068 -1.79804544678 -9.1697923584 -0.651222851562
-2.50433493652 -3.4428619873 -9.06923588867 -1.84592947998 -9.13148513184 -0.751779321289
-2.54264216309 -3.45483299561 -9.12430252686 -1.76931502686 -9.15303294678 -0.567425793457
-2.50912333984 -3.46201560059 -9.07402429199 -1.79804544678 -9.04768807373 -0.598550415039
-2.48518132324 -3.46201560059 -9.17218656006 -1.79565124512 -9.15542714844 -0.624886633301
-2.51391174316 -3.44046778564 -9.06923588867 -1.8028338501 -9.18655177002 -0.591367810059
-2.48039291992 -3.4428619873 -9.03332286377 -1.78846864014 -9.20331118164 -0.61530982666
-2.45645090332 -3.41173736572 -9.04050546875 -1.79804544678 -9.14824454346 -0.639251843262
-2.51630594482 -3.39737215576 -9.05487067871 -1.75255561523 -9.18894597168 -0.562637390137
-2.50672913818 -3.44765039062 -9.09317790527 -1.78846864014 -9.19852277832 -0.639251843262
-2.50912333984 -3.41413156738 -9.08360109863 -1.75494981689 -9.18894597168 -0.584185205078
-2.52109434814 -3.40455476074 -9.12430252686 -1.8028338501 -9.16500395508 -0.560243188477
-2.47081611328 -3.44765039062 -9.05726488037 -1.74297880859 -9.2296473999 -0.471657727051
-2.48039291992 -3.44046778564 -9.11233151855 -1.75734401855 -9.193734375 -0.639251843262
-2.49475812988 -3.47877501221 -9.03571706543 -1.75973822021 -9.193734375 -0.581791003418
-2.51630594482 -3.48116921387 -9.04289967041 -1.75255561523 -9.18894597168 -0.538695373535
-2.4037784668 -3.45243879395 -9.09557210693 -1.7669208252 -9.34217487793 -0.574608398438
-2.50433493652 -3.46201560059 -9.08599530029 -1.71185418701 -9.19852277832 -0.512359155273
-2.4157494751 -3.42849677734 -9.10754311523 -1.74776721191 -9.22246479492 -0.636857641602
-2.53306535645 -3.41173736572 -9.08599530029 -1.80043964844 -9.15303294678 -0.553060583496
-2.52827695312 -3.48356341553 -9.01895765381 -1.74058460693 -9.17697496338 -0.565031591797
-2.50194073486 -3.4069489624 -9.08360109863 -1.67354696045 -9.22725319824 -0.629675036621
-2.53545955811 -3.41652576904 -9.17458076172 -1.70945998535 -9.193734375 -0.672770666504
-2.55221896973 -3.40934316406 -9.17458076172 -1.77410343018 -9.2057053833 -0.569819995117
-2.48278712158 -3.40216055908 -9.14345614014 -1.74058460693 -9.19612857666 -0.61530982666
-2.49475812988 -3.46201560059 -9.07641849365 -1.75734401855 -9.2057053833 -0.560243188477
-2.5115175415 -3.4069489624 -9.07641849365 -1.79804544678 -9.17697496338 -0.725443103027
-2.47321031494 -3.4189199707 -9.1338793335 -1.73340200195 -9.20331118164 -0.61770402832
-2.47321031494 -3.44046778564 -9.06923588867 -1.8148048584 -9.16260975342 -0.469263525391
-2.49715233154 -3.43567938232 -9.06923588867 -1.73819040527 -9.19612857666 -0.639251843262
-2.47081611328 -3.39976635742 -9.04768807373 -1.97521636963 -9.19134017334 -0.574608398438
-2.43729729004 -3.42131417236 -9.05008227539 -1.78368023682 -9.21528218994 -0.603338818359
-2.5234885498 -3.43807358398 -9.11233151855 -1.82198746338 -9.17458076172 -0.46447512207
-2.52109434814 -3.42849677734 -9.14106193848 -1.83635267334 -9.22007059326 -0.603338818359
-2.45405670166 -3.46680400391 -9.08120689697 -1.7788918335 -9.05487067871 -0.622492431641
-2.50433493652 -3.40216055908 -9.09078370361 -1.82917006836 -9.18894597168 -0.572214196777
-2.51630594482 -3.43567938232 -8.99740983887 -1.68791217041 -9.31583865967 -0.641646044922
-2.46123930664 -3.41173736572 -9.11711992188 -1.82917006836 -9.1578213501 -0.639251843262
-2.50194073486 -3.42370837402 -9.05008227539 -1.80762225342 -9.16021555176 -0.581791003418
-2.49236392822 -3.22020123291 -9.08838950195 -1.96085115967 -9.13148513184 -0.471657727051
-2.52109434814 -3.42131417236 -9.08120689697 -1.79565124512 -9.1817633667 -0.612915625
-2.48039291992 -3.43567938232 -8.99980404053 -1.75255561523 -9.05726488037 -0.749385119629
-2.43729729004 -3.46201560059 -9.10754311523 -1.8028338501 -9.19852277832 -0.61770402832
-2.4875755249 -3.430890979 -9.08360109863 -1.78368023682 -9.29668504639 -0.557848986816
-2.56179577637 -3.43807358398 -9.11951412354 -1.75973822021 -9.04289967041 -0.572214196777
-2.46842191162 -3.39976635742 -9.03332286377 -1.83395847168 -9.16500395508 -0.603338818359
-2.47799871826 -3.4428619873 -9.08838950195 -1.82198746338 -9.19134017334 -0.565031591797
-2.48278712158 -3.46919820557 -8.95670841064 -1.74537301025 -9.33020386963 -0.644040246582
-2.43729729004 -3.49314022217 -9.04050546875 -1.75016141357 -9.26795462646 -0.572214196777
-2.44208569336 -3.41173736572 -9.01656345215 -1.78368023682 -9.34217487793 -0.598550415039
-2.50194073486 -3.43807358398 -9.04289967041 -1.78846864014 -9.1817633667 -0.565031591797
-2.47799871826 -3.4428619873 -9.09557210693 -1.76452662354 -9.33499227295 -0.572214196777
-2.58573779297 -3.42131417236 -9.16260975342 -1.75734401855 -9.21049378662 -0.474051928711
-2.4636335083 -3.49792862549 -9.05008227539 -1.75255561523 -9.34217487793 -0.593762011719
-2.4037784668 -3.45483299561 -9.10275471191 -1.75973822021 -9.19612857666 -0.632069238281
-2.48996972656 -3.38540114746 -9.09557210693 -1.7908628418 -9.34217487793 -0.46447512207
-2.50194073486 -3.37343013916 -9.07881269531 -1.83156427002 -9.16021555176 -0.639251843262
-2.50672913818 -3.42131417236 -9.06923588867 -1.78368023682 -9.17936916504 -0.656011254883
-2.51630594482 -3.43567938232 -9.1338793335 -1.82917006836 -9.16739815674 -0.627280834961
-2.4995465332 -3.47638081055 -9.08599530029 -1.77649763184 -9.1697923584 -0.600944616699
-2.43250888672 -3.52665904541 -9.07641849365 -1.7788918335 -9.22246479492 -0.634463439941
-2.45405670166 -3.42131417236 -9.11951412354 -1.81719906006 -9.16500395508 -0.474051928711
-2.60010300293 -3.50271702881 -9.02614025879 -1.77410343018 -9.21288798828 -0.603338818359
-2.47799871826 -3.38061274414 -9.07881269531 -1.82917006836 -9.16739815674 -0.476446130371
-2.49715233154 -3.42610257568 -9.10275471191 -1.81719906006 -9.13866773682 -0.562637390137
-2.5115175415 -3.430890979 -9.06923588867 -1.82198746338 -9.20091697998 -0.586579406738
-2.48996972656 -3.43567938232 -9.10993731689 -1.83635267334 -9.1697923584 -0.598550415039
-2.45645090332 -3.4189199707 -9.03811126709 -1.82198746338 -9.1817633667 -0.46208092041
-2.54982476807 -3.3830069458 -8.9231895874 -1.88184250488 -9.14824454346 -0.641646044922
-2.47799871826 -3.45483299561 -9.07402429199 -1.79565124512 -9.16739815674 -0.577002600098
-2.43011468506 -3.50032282715 -9.05965908203 -1.75734401855 -9.2296473999 -0.61770402832
-2.47081611328 -3.44765039062 -9.02374605713 -1.8028338501 -9.16739815674 -0.574608398438
-2.49715233154 -3.45483299561 -9.07402429199 -1.74537301025 -9.19612857666 -0.62009822998
-2.48996972656 -3.48835181885 -9.11951412354 -1.79565124512 -9.17218656006 -0.639251843262
-2.4756045166 -3.44046778564 -9.05487067871 -1.75734401855 -9.193734375 -0.632069238281
-2.44687409668 -3.41173736572 -9.10275471191 -1.78368023682 -9.17936916504 -0.754173522949
-2.46842191162 -3.44525618896 -9.16260975342 -1.75494981689 -9.18894597168 -0.490811340332
-2.43729729004 -3.48116921387 -8.91840118408 -1.73819040527 -9.17218656006 -0.567425793457
-2.47799871826 -3.430890979 -9.05726488037 -1.79325704346 -9.17218656006 -0.646434448242
-2.50672913818 -3.48356341553 -8.96867941895 -1.77649763184 -9.22007059326 -0.596156213379
-2.4756045166 -3.44765039062 -9.05726488037 -1.75255561523 -9.2176763916 -0.667982263184
-2.47799871826 -3.44046778564 -9.05247647705 -1.76213242187 -9.19612857666 -0.46447512207
-2.48039291992 -3.46201560059 -9.07402429199 -1.81001645508 -9.17936916504 -0.581791003418
-2.48278712158 -3.45483299561 -9.1697923584 -1.8028338501 -9.19134017334 -0.572214196777
-2.47799871826 -3.41173736572 -9.07641849365 -1.8028338501 -9.19134017334 -0.76614453125
-2.47081611328 -3.22020123291 -8.88967076416 -1.838746875 -9.17458076172 -0.622492431641
-2.50433493652 -3.44765039062 -9.05008227539 -1.98958157959 -9.17218656006 -0.600944616699
-2.53067115479 -3.46440980225 -9.10275471191 -1.838746875 -9.15542714844 -0.646434448242
-2.52109434814 -3.42610257568 -9.08838950195 -1.84114107666 -9.05726488037 -0.46686932373
-2.50433493652 -3.41413156738 -9.07881269531 -1.838746875 -9.1458503418 -0.639251843262
-2.60249720459 -3.4428619873 -9.10275471191 -1.98479317627 -9.17936916504 -0.46208092041
-2.45884510498 -3.46680400391 -9.10036051025 -1.82438166504 -9.16739815674 -0.644040246582
-2.49236392822 -3.39018955078 -8.91600698242 -1.84832368164 -9.11472572021 -0.471657727051
-2.4995465332 -3.39737215576 -9.05487067871 -1.82438166504 -9.1697923584 -0.591367810059
-2.4995465332 -3.44765039062 -9.13866773682 -1.80522805176 -9.33020386963 -0.634463439941
-2.48278712158 -3.42370837402 -8.99262143555 -1.69748897705 -9.2057053833 -0.569819995117
-2.53306535645 -3.35188232422 -9.01416925049 -1.85311208496 -9.16021555176 -0.629675036621
-2.46123930664 -3.44765039062 -9.06684168701 -1.81241065674 -9.20809958496 -0.584185205078
-2.45645090332 -3.49074602051 -9.04768807373 -1.80522805176 -9.17218656006 -0.629675036621
-2.48039291992 -3.45243879395 -9.06444748535 -1.81241065674 -9.1817633667 -0.653617053223
-2.50194073486 -3.48595761719 -9.00698664551 -1.75973822021 -9.17936916504 -0.565031591797
-2.44208569336 -3.48595761719 -9.07163009033 -1.76452662354 -9.34696328125 -0.61530982666
-2.50433493652 -3.56496627197 -9.09557210693 -1.74058460693 -9.21288798828 -0.62009822998
-2.43490308838 -3.45722719727 -9.1817633667 -1.7669208252 -9.17936916504 -0.651222851562
-2.44208569336 -3.49314022217 -9.10275471191 -1.74776721191 -9.1817633667 -0.612915625
-2.47081611328 -3.46440980225 -9.04289967041 -1.74776721191 -9.32062706299 -0.653617053223
-2.43729729004 -3.3949779541 -9.01416925049 -1.8267758667 -9.17936916504 -0.629675036621
-2.45645090332 -3.43807358398 -9.17936916504 -1.79565124512 -9.15063874512 -0.653617053223
-2.32237561035 -3.4428619873 -9.07641849365 -1.75973822021 -9.34456907959 -0.636857641602
-2.51630594482 -3.48835181885 -9.06684168701 -1.72861359863 -9.20331118164 -0.624886633301
-2.4756045166 -3.43807358398 -9.03811126709 -1.73819040527 -9.32780966797 -0.699106884766
-2.46602770996 -3.43328518066 -9.17936916504 -1.7788918335 -9.23443580322 -0.636857641602
-2.50912333984 -3.42370837402 -9.08599530029 -1.85311208496 -9.18655177002 -0.756567724609
-2.48996972656 -3.41173736572 -9.193734375 -1.81001645508 -9.19852277832 -0.632069238281
-2.47799871826 -3.39976635742 -9.04768807373 -1.77649763184 -9.17936916504 -0.660799658203
-2.5115175415 -3.43807358398 -9.193734375 -1.83635267334 -9.1578213501 -0.684741674805
-2.49236392822 -3.42370837402 -9.01895765381 -1.8148048584 -9.05247647705 -0.648828649902
-2.51870014648 -3.44046778564 -9.05008227539 -1.838746875 -9.15542714844 -0.665588061523
-2.46602770996 -3.40455476074 -9.01177504883 -1.8028338501 -9.18655177002 -0.596156213379
-2.48996972656 -3.41652576904 -9.05965908203 -1.79804544678 -9.1578213501 -0.469263525391
-2.48039291992 -3.38779534912 -9.06923588867 -1.83156427002 -9.17458076172 -0.61530982666
-2.51630594482 -3.43807358398 -9.03092866211 -1.8028338501 -9.14824454346 -0.586579406738
-2.5115175415 -3.44525618896 -8.92558378906 -1.81959326172 -9.17218656006 -0.634463439941
-2.46842191162 -3.44765039062 -9.07881269531 -1.81241065674 -9.1817633667 -0.560243188477
-2.46602770996 -3.42370837402 -9.02374605713 -1.77649763184 -9.16500395508 -0.478840332031
-2.47799871826 -3.45722719727 -8.96149681396 -1.80043964844 -9.15063874512 -0.46208092041
-2.47081611328 -3.37582434082 -9.05247647705 -1.80762225342 -9.18894597168 -0.656011254883
-2.53545955811 -3.46440980225 -8.9112185791 -1.80522805176 -9.16260975342 -0.746990917969
-2.49236392822 -3.44765039062 -9.06444748535 -1.7908628418 -9.19612857666 -0.562637390137
-2.50912333984 -3.45004459229 -9.07163009033 -1.7908628418 -9.19852277832 -0.62009822998
-2.46842191162 -3.53384165039 -9.04529387207 -1.78607443848 -9.17936916504 -0.598550415039
-2.42053787842 -3.49074602051 -9.09078370361 -1.78128603516 -9.21528218994 -0.634463439941
-2.51870014648 -3.47398660889 -9.1817633667 -1.81001645508 -9.17697496338 -0.600944616699
-2.48518132324 -3.43328518066 -9.11472572021 -1.79804544678 -9.16260975342 -0.598550415039
-2.46602770996 -3.47877501221 -9.17936916504 -1.81241065674 -9.1578213501 -0.629675036621
-2.51391174316 -3.40934316406 -8.99262143555 -1.7788918335 -9.1578213501 -0.665588061523
-2.46842191162 -3.50271702881 -9.17936916504 -1.78607443848 -9.19612857666 -0.629675036621
-2.4756045166 -3.45962139893 -9.02853446045 -1.79804544678 -9.1817633667 -0.62009822998
-2.49715233154 -3.430890979 -8.99740983887 -1.8148048584 -9.16021555176 -0.61530982666
-2.4995465332 -3.45962139893 -9.01416925049 -1.78607443848 -9.18894597168 -0.648828649902
-2.54024796143 -3.45243879395 -9.10514891357 -1.78607443848 -9.18655177002 -0.555454785156
-2.50433493652 -3.43328518066 -9.08599530029 -1.81241065674 -9.16260975342 -0.603338818359
-2.50672913818 -3.47398660889 -9.06205328369 -1.8148048584 -9.15303294678 -0.596156213379
-2.45884510498 -3.44765039062 -9.04529387207 -1.82438166504 -9.20331118164 -0.627280834961
-2.52827695312 -3.41413156738 -9.05726488037 -1.70467158203 -9.14824454346 -0.656011254883
-2.51870014648 -3.42849677734 -9.06684168701 -1.84353527832 -9.16500395508 -0.679953271484
-2.48996972656 -3.44525618896 -9.03811126709 -1.97521636963 -9.14345614014 -0.61530982666
-2.43490308838 -3.46680400391 -8.98065042725 -1.81719906006 -9.18894597168 -0.646434448242
-2.48996972656 -3.45004459229 -9.08599530029 -1.81959326172 -9.11711992188 -0.574608398438
-2.51870014648 -3.46201560059 -9.00219824219 -1.7908628418 -9.16260975342 -0.600944616699
-2.49715233154 -3.44046778564 -9.03332286377 -1.83395847168 -9.17936916504 -0.612915625
-2.49475812988 -3.4428619873 -9.07881269531 -1.69509477539 -9.1697923584 -0.644040246582
-2.48039291992 -3.48116921387 -9.04050546875 -1.7908628418 -9.16500395508 -0.593762011719
-2.48996972656 -3.44765039062 -9.03571706543 -1.80762225342 -9.16260975342 -0.684741674805
-2.4995465332 -3.49074602051 -9.11951412354 -1.8148048584 -9.19134017334 -0.61530982666
-2.5234885498 -3.430890979 -9.07163009033 -1.82917006836 -9.1697923584 -0.641646044922
-2.31998140869 -3.4428619873 -9.03571706543 -1.82438166504 -9.05487067871 -0.624886633301
-2.46842191162 -3.45243879395 -9.06923588867 -1.71185418701 -9.13148513184 -0.687135876465
-2.46602770996 -3.46680400391 -9.1697923584 -1.78368023682 -9.17936916504 -0.627280834961
-2.49236392822 -3.54102425537 -9.05008227539 -1.98718737793 -9.21049378662 -0.634463439941
-2.49475812988 -3.47159240723 -8.90403597412 -1.80522805176 -9.1338793335 -0.62009822998
-2.47799871826 -3.49792862549 -9.08120689697 -1.70945998535 -9.16021555176 -0.600944616699
-2.54024796143 -3.46680400391 -9.17458076172 -1.838746875 -9.16260975342 -0.624886633301
-2.50194073486 -3.49074602051 -9.08120689697 -1.98479317627 -9.34696328125 -0.660799658203
-2.48996972656 -3.46680400391 -9.04768807373 -1.82198746338 -9.17218656006 -0.687135876465
-2.53067115479 -3.45962139893 -9.00219824219 -1.84832368164 -9.193734375 -0.61530982666
-2.48518132324 -3.42131417236 -9.17697496338 -1.8267758667 -9.15542714844 -0.651222851562
-2.53306535645 -3.36145913086 -9.06923588867 -1.85311208496 -9.13866773682 -0.629675036621
-2.54743056641 -3.46680400391 -9.06923588867 -1.82198746338 -9.12430252686 -0.648828649902
-2.47081611328 -3.45004459229 -9.1458503418 -1.83156427002 -9.21049378662 -0.651222851562
-2.52588275146 -3.48356341553 -8.90882437744 -1.838746875 -9.1817633667 -0.735019909668
-2.51391174316 -3.47877501221 -9.07641849365 -1.8866309082 -9.1697923584 -0.696712683105
-2.48996972656 -3.45004459229 -9.10275471191 -1.90099611816 -9.16260975342 -0.76614453125
-2.50912333984 -3.41652576904 -8.99980404053 -1.90339031982 -9.17936916504 -0.61770402832
-2.56897838135 -3.43328518066 -9.04289967041 -1.92254393311 -9.18415756836 -0.612915625
-2.4875755249 -3.42610257568 -9.15063874512 -1.89620771484 -9.1578213501 -0.584185205078
-2.47321031494 -3.48356341553 -8.94952580566 -1.90578452148 -9.12909093018 -0.754173522949
-2.31040460205 -3.45483299561 -9.04050546875 -1.86029468994 -9.15542714844 -0.581791003418
-2.46842191162 -3.48835181885 -9.04050546875 -1.80762225342 -9.04529387207 -0.653617053223
-2.4995465332 -3.45962139893 -9.03092866211 -1.85550628662 -9.1338793335 -0.658405456543
-2.57376678467 -3.48116921387 -9.02374605713 -1.70706578369 -9.04768807373 -0.634463439941
-2.54264216309 -3.47877501221 -9.03811126709 -1.68791217041 -9.12669672852 -0.600944616699
-2.51391174316 -3.58411988525 -9.01416925049 -1.74058460693 -9.22007059326 -0.653617053223
-2.43490308838 -3.39737215576 -8.91600698242 -1.84353527832 -9.11711992188 -0.756567724609
-2.62883342285 -3.56257207031 -9.08120689697 -1.82198746338 -9.1219083252 -0.469263525391
-2.31279880371 -3.48356341553 -8.99740983887 -1.91296712646 -9.12909093018 -0.658405456543
-2.39899006348 -3.51229383545 -9.09078370361 -1.84592947998 -9.12669672852 -0.572214196777
-2.46123930664 -3.52187064209 -8.97346782227 -1.838746875 -9.21049378662 -0.648828649902
-2.49715233154 -3.47638081055 -9.07163009033 -1.8746598999 -9.12430252686 -0.545877978516
-2.46123930664 -3.50032282715 -9.00219824219 -1.8028338501 -9.21528218994 -0.723048901367
-2.52827695312 -3.45483299561 -9.05008227539 -1.8866309082 -9.17697496338 -0.754173522949
-2.55940157471 -3.52187064209 -9.09796630859 -1.8507178833 -9.11951412354 -0.624886633301
-2.48518132324 -3.49314022217 -8.98783303223 -1.92254393311 -9.11951412354 -0.627280834961
-2.50433493652 -3.51708223877 -9.05487067871 -1.8866309082 -9.16500395508 -0.60812722168
-2.49715233154 -3.43328518066 -9.07641849365 -1.90339031982 -9.13627353516 -0.483628735352
-2.4875755249 -3.50271702881 -9.03811126709 -1.84353527832 -9.16021555176 -0.60573302002
-2.49475812988 -3.48595761719 -9.10275471191 -1.90099611816 -9.18655177002 -0.679953271484
-2.50433493652 -3.43807358398 -8.97825622559 -1.90339031982 -9.16260975342 -0.538695373535
-2.50912333984 -3.44525618896 -9.1817633667 -1.96085115967 -9.17218656006 -0.653617053223
-2.50672913818 -3.48835181885 -9.04768807373 -1.88902510986 -9.14106193848 -0.684741674805
-2.51630594482 -3.46201560059 -9.12909093018 -1.89620771484 -9.1578213501 -0.744596716309
-2.50912333984 -3.41413156738 -9.07881269531 -1.92254393311 -9.11711992188 -0.61530982666
-2.52588275146 -3.38540114746 -9.08360109863 -1.89141931152 -9.17218656006 -0.656011254883
-2.50672913818 -3.43807358398 -9.06444748535 -1.92493813477 -9.16260975342 -0.632069238281
-2.4636335083 -3.51468803711 -9.06205328369 -1.90339031982 -9.04529387207 -0.600944616699
-2.50194073486 -3.43807358398 -9.02853446045 -1.9105729248 -9.1219083252 -0.634463439941
-2.51870014648 -3.47159240723 -9.08599530029 -1.8746598999 -9.31583865967 -0.639251843262
-2.48996972656 -3.50750543213 -9.06205328369 -1.8866309082 -9.1338793335 -0.562637390137
-2.5234885498 -3.45483299561 -9.06923588867 -1.86747729492 -9.17458076172 -0.61770402832
-2.51630594482 -3.41413156738 -9.03092866211 -1.91775552979 -9.15542714844 -0.665588061523
-2.50194073486 -3.45722719727 -9.193734375 -1.86747729492 -9.16021555176 -0.629675036621
-2.48278712158 -3.53863005371 -9.07163009033 -1.87944830322 -9.17218656006 -0.689530078125
-2.4875755249 -3.42610257568 -9.09557210693 -1.86029468994 -9.1817633667 -0.658405456543
-2.5234885498 -3.45722719727 -9.07641849365 -1.87226569824 -9.14824454346 -0.639251843262
-2.5234885498 -3.46919820557 -9.1697923584 -1.90339031982 -9.19612857666 -0.682347473145
-2.4396914917 -3.48356341553 -9.04529387207 -1.84114107666 -9.1817633667 -0.660799658203
-2.51630594482 -3.44765039062 -9.10275471191 -1.87705410156 -9.13866773682 -0.672770666504
-2.50194073486 -3.47638081055 -9.04050546875 -1.86029468994 -9.17936916504 -0.746990917969
-2.47321031494 -3.46201560059 -9.03092866211 -1.98239897461 -9.15542714844 -0.646434448242
-2.52109434814 -3.45962139893 -9.05247647705 -1.86747729492 -9.12909093018 -0.684741674805
-2.51630594482 -3.46440980225 -9.09557210693 -1.87944830322 -9.12909093018 -0.653617053223
-2.50433493652 -3.47877501221 -9.05247647705 -1.8626888916 -9.19852277832 -0.701501086426
-2.47799871826 -3.48835181885 -9.03811126709 -1.86029468994 -9.193734375 -0.713472094727
-2.51870014648 -3.46680400391 -9.07881269531 -1.90817872314 -9.16500395508 -0.648828649902
-2.52109434814 -3.49074602051 -9.05247647705 -1.8746598999 -9.14106193848 -0.627280834961
-2.54503636475 -3.45962139893 -9.19134017334 -1.8866309082 -9.13866773682 -0.658405456543
-2.51870014648 -3.47638081055 -9.07641849365 -1.91775552979 -9.13627353516 -0.572214196777
-2.5234885498 -3.51947644043 -9.04050546875 -1.91296712646 -9.11711992188 -0.691924279785
-2.48518132324 -3.44765039062 -9.03571706543 -1.8866309082 -9.17218656006 -0.663193859863
-2.48996972656 -3.48835181885 -9.07163009033 -1.86747729492 -9.1578213501 -0.629675036621
-2.4995465332 -3.46201560059 -9.14824454346 -1.90578452148 -9.14824454346 -0.646434448242
-2.50433493652 -3.50511123047 -9.05487067871 -1.9105729248 -9.16500395508 -0.751779321289
-2.51870014648 -3.43807358398 -9.09796630859 -1.93930334473 -9.15303294678 -0.730231506348
-2.50433493652 -3.46440980225 -9.09317790527 -1.88902510986 -9.14824454346 -0.730231506348
-2.55221896973 -3.48356341553 -9.05965908203 -1.90817872314 -9.14106193848 -0.639251843262
-2.52109434814 -3.45962139893 -9.05008227539 -1.99197578125 -9.34217487793 -0.656011254883
-2.52588275146 -3.51708223877 -8.98065042725 -1.83395847168 -9.15303294678 -0.61052142334
-2.49715233154 -3.46201560059 -8.93994899902 -1.86747729492 -9.1578213501 -0.684741674805
-2.47321031494 -3.55060106201 -9.05487067871 -1.83395847168 -9.16260975342 -0.61530982666
-2.51391174316 -3.45962139893 -9.06684168701 -1.97521636963 -9.17936916504 -0.660799658203
-2.47081611328 -3.52187064209 -8.99980404053 -1.8507178833 -9.1817633667 -0.679953271484
-2.50194073486 -3.50750543213 -8.99980404053 -1.82198746338 -9.1578213501 -0.727837304687
-2.70544787598 -3.23456644287 -9.03092866211 -1.83395847168 -9.33978067627 -1.02950671387
-2.59770880127 -3.46919820557 -9.14106193848 -1.59693250732 -9.43554874268 -1.19470662842
-2.63362182617 -3.56975467529 -9.22725319824 -1.98718737793 -9.08120689697 -0.727837304687
-2.7461493042 -3.67749375 -9.11472572021 -1.84592947998 -9.19134017334 -0.538695373535
-2.35589443359 -3.48356341553 -9.00459244385 -1.87705410156 -9.33499227295 -0.756567724609
-2.44447989502 -3.48356341553 -8.93037219238 -1.68791217041 -9.193734375 -0.588973608398
-2.55461317139 -3.37343013916 -9.01895765381 -1.82198746338 -9.04768807373 -0.694318481445
-2.4516625 -3.40216055908 -9.04529387207 -1.68791217041 -9.16260975342 -0.581791003418
-2.39420166016 -3.47638081055 -8.97346782227 -1.83635267334 -9.1458503418 -0.711077893066
-2.56418997803 -3.45722719727 -8.97586202393 -1.86029468994 -9.15542714844 -0.519541760254
-2.42053787842 -3.51229383545 -9.06923588867 -1.86029468994 -9.14824454346 -0.648828649902
-2.40617266846 -3.47877501221 -9.04768807373 -1.87226569824 -9.34696328125 -0.61052142334
-2.47081611328 -3.48595761719 -9.09078370361 -1.90578452148 -9.193734375 -0.62009822998
-2.50433493652 -3.45483299561 -9.05008227539 -1.93690914307 -9.11951412354 -0.687135876465
-2.48039291992 -3.48116921387 -9.05726488037 -1.88423670654 -9.16021555176 -0.622492431641
-2.47081611328 -3.48116921387 -9.07402429199 -1.89141931152 -9.16260975342 -0.663193859863
-2.4995465332 -3.55060106201 -9.13148513184 -1.8507178833 -9.15063874512 -0.600944616699
-2.4396914917 -3.43328518066 -9.03571706543 -1.92254393311 -9.12669672852 -0.562637390137
-2.5115175415 -3.48835181885 -8.95670841064 -1.86747729492 -9.1219083252 -0.577002600098
-2.52588275146 -3.430890979 -9.03811126709 -1.95127435303 -9.11711992188 -0.648828649902
-2.50433493652 -3.47398660889 -9.08120689697 -1.88184250488 -9.16739815674 -0.60812722168
-2.50672913818 -3.49314022217 -8.98065042725 -1.90817872314 -9.17697496338 -0.61530982666
-2.4995465332 -3.48835181885 -9.01656345215 -1.838746875 -9.15542714844 -0.663193859863
-2.41335527344 -3.48116921387 -9.05008227539 -1.82438166504 -9.17218656006 -0.483628735352
-2.52588275146 -3.49074602051 -8.99740983887 -1.84353527832 -9.33259807129 -0.703895288086
-2.53785375977 -3.46680400391 -9.06684168701 -1.86508309326 -9.21288798828 -0.483628735352
-2.31758720703 -3.55060106201 -9.10275471191 -1.8507178833 -9.17697496338 -0.694318481445
-2.49715233154 -3.50750543213 -9.13148513184 -1.85311208496 -9.1338793335 -0.641646044922
-2.52827695312 -3.50511123047 -9.04289967041 -1.84353527832 -9.16500395508 -0.644040246582
-2.49236392822 -3.46201560059 -9.02853446045 -1.82438166504 -9.1697923584 -0.679953271484
-2.48278712158 -3.67031114502 -8.99501563721 -1.80762225342 -9.21288798828 -0.634463439941
-2.50194073486 -3.53863005371 -9.07402429199 -1.84353527832 -9.13627353516 -0.667982263184
-2.47081611328 -3.51708223877 -9.03571706543 -1.69988317871 -9.16021555176 -0.660799658203
-2.47081611328 -3.52187064209 -8.89206496582 -1.83635267334 -9.13866773682 -0.703895288086
-2.47799871826 -3.47877501221 -9.07163009033 -1.9105729248 -9.11951412354 -0.701501086426
-2.47799871826 -3.46680400391 -9.05965908203 -1.8626888916 -9.16260975342 -0.653617053223
-2.49715233154 -3.47398660889 -9.06444748535 -1.8986019165 -9.17218656006 -0.679953271484
-2.50433493652 -3.46680400391 -9.00459244385 -1.99197578125 -9.14824454346 -0.689530078125
-2.49715233154 -3.48356341553 -9.06684168701 -1.88184250488 -9.15542714844 -0.651222851562
-2.53067115479 -3.42131417236 -9.19134017334 -1.86508309326 -9.17218656006 -0.682347473145
-2.5234885498 -3.46201560059 -9.18894597168 -1.88423670654 -9.21049378662 -0.639251843262
-2.44208569336 -3.45483299561 -9.07402429199 -1.8746598999 -9.13866773682 -0.675164868164
-2.4875755249 -3.46201560059 -9.07163009033 -1.8866309082 -9.11951412354 -0.627280834961
-2.48518132324 -3.45722719727 -9.06205328369 -1.89620771484 -9.14345614014 -0.660799658203
-2.47799871826 -3.44046778564 -8.97825622559 -1.86508309326 -9.15542714844 -0.648828649902
-2.49715233154 -3.46919820557 -9.09317790527 -1.8626888916 -9.17458076172 -0.624886633301
-2.45645090332 -3.50032282715 -9.08599530029 -1.8986019165 -9.16021555176 -0.639251843262
-2.48039291992 -3.45962139893 -9.07163009033 -1.87705410156 -9.15303294678 -0.706289489746
-2.4277204834 -3.4428619873 -8.97586202393 -1.88423670654 -9.14824454346 -0.61770402832
-2.45405670166 -3.45243879395 -9.02374605713 -1.94888015137 -9.1458503418 -0.646434448242
-2.52109434814 -3.4428619873 -9.06205328369 -1.91536132812 -9.13148513184 -0.639251843262
-2.4756045166 -3.47398660889 -9.00938084717 -1.86987149658 -9.13627353516 -0.725443103027
-2.50672913818 -3.67509954834 -8.8992475708 -1.838746875 -9.16021555176 -0.675164868164
-2.4636335083 -3.55299526367 -9.01656345215 -1.82438166504 -9.20331118164 -0.603338818359
-2.50672913818 -3.50511123047 -9.09796630859 -1.98000477295 -9.13866773682 -0.61530982666
-2.52109434814 -3.47398660889 -8.99022723389 -1.85790048828 -9.16739815674 -0.603338818359
-2.47799871826 -3.49553442383 -9.00459244385 -1.87226569824 -9.13627353516 -0.651222851562
-2.48996972656 -3.45962139893 -9.16739815674 -1.87705410156 -9.16500395508 -0.603338818359
-2.48278712158 -3.49553442383 -9.01416925049 -1.72143099365 -9.17458076172 -0.622492431641
-2.52588275146 -3.48116921387 -9.05487067871 -1.83395847168 -9.1578213501 -0.689530078125
-2.45405670166 -3.50032282715 -8.98065042725 -1.86987149658 -9.04768807373 -0.641646044922
-2.53545955811 -3.45483299561 -9.09317790527 -1.8507178833 -9.11711992188 -0.653617053223
-2.48278712158 -3.46680400391 -9.05247647705 -1.86029468994 -9.15303294678 -0.648828649902
-2.47081611328 -3.46919820557 -9.02374605713 -1.97521636963 -9.19134017334 -0.670376464844
-2.49475812988 -3.49074602051 -9.09796630859 -1.89381351318 -9.15542714844 -0.699106884766
-2.52827695312 -3.50511123047 -9.16260975342 -1.90817872314 -9.16739815674 -0.677559069824
-2.4636335083 -3.46680400391 -9.08360109863 -1.89381351318 -9.12909093018 -0.61530982666
