2.7341782959 -2.33434661865 -9.48343277588 1.43652099609 -4.83389315186 -8.77235488281
2.71741888428 -2.36307703857 -9.48343277588 1.47961662598 -4.84586416016 -8.86572874756
2.71741888428 -2.37504804687 -9.47385596924 1.45806881104 -4.89614239502 -8.65743320312
2.70305367432 -2.37025964355 -9.45709655762 1.45567460937 -4.86022937012 -8.68376942139
2.76530291748 -2.41814367676 -9.5001921875 1.49398183594 -4.81952794189 -8.72686505127
2.70544787598 -2.35350023193 -9.49300958252 1.44609780273 -4.80755693359 -8.85375773926
2.65277543945 -2.41096107178 -9.58398924561 1.51074124756 -4.83868155518 -8.75798967285
2.61925661621 -2.4157494751 -9.560047229 1.53707746582 -4.84825836182 -8.71010563965
2.76769711914 -2.43490308838 -9.44751975098 1.47961662598 -4.86022937012 -8.71489404297
2.87543619385 -2.39420166016 -9.50976899414 1.49158763428 -5.05415970459 -8.60954916992
2.69108266602 -2.3798364502 -9.51695159912 1.52510645752 -4.80516273193 -8.72207664795
2.69347686768 -2.38462485352 -9.49300958252 1.51074124756 -4.87220037842 -8.70771143799
2.66953485107 -2.32716401367 -9.50498059082 1.47003981934 -4.81952794189 -8.71968244629
2.70305367432 -2.42053787842 -9.5001921875 1.472434021 -4.83868155518 -8.68855782471
2.74854350586 -2.38223065186 -9.48582697754 1.4844050293 -4.86980617676 -8.69095202637
2.74136090088 -2.39659586182 -9.65342109375 1.4604630127 -4.83389315186 -8.66461580811
2.70784207764 -2.41814367676 -9.46188496094 1.4604630127 -4.83628735352 -8.68376942139
2.68150585937 -2.31040460205 -9.5361052124 1.4844050293 -4.81473953857 -8.68855782471
2.71263048096 -2.41096107178 -9.4882211792 1.48679923096 -4.86980617676 -8.67419261475
2.67192905273 -2.31758720703 -9.41878933105 1.45806881104 -4.8793829834 -8.70052883301
2.71741888428 -2.34631762695 -9.5241342041 1.44609780273 -4.85783516846 -8.68137521973
2.7222072876 -2.38223065186 -9.51695159912 1.472434021 -4.85304676514 -8.6287027832
2.71741888428 -2.33674082031 -9.440337146 1.45088620605 -4.80995113525 -8.69095202637
2.7461493042 -2.34631762695 -9.36132849121 1.43652099609 -4.82910474854 -8.61194337158
2.72460148926 -2.37744224854 -9.43794294434 1.67594116211 -4.85783516846 -8.64546219482
2.7102362793 -2.38941325684 -9.41160672607 1.47961662598 -4.84107575684 -8.62391437988
2.69347686768 -2.40617266846 -9.58159504395 1.45806881104 -4.82431634521 -8.70531723633
2.68150585937 -2.38701905518 -9.53371101074 1.45328040771 -4.82910474854 -8.67898101807
2.7102362793 -2.35589443359 -9.56244143066 1.50116444092 -4.81713374023 -8.73404765625
2.74375510254 -2.36786544189 -9.44273134766 1.45088620605 -4.80755693359 -8.80347950439
2.69587106934 -2.4157494751 -9.45470235596 1.45806881104 -4.8434699585 -8.64546219482
2.75572611084 -2.36786544189 -9.48103857422 1.49158763428 -4.85065256348 -8.70531723633
2.7461493042 -2.42532628174 -9.55765302734 1.5083470459 -4.80276853027 -8.67179841309
2.72938989258 -2.38223065186 -9.63666168213 1.55144267578 -4.80276853027 -8.66461580811
2.7222072876 -2.35828863525 -9.54089361572 1.46525141602 -4.88177718506 -8.68855782471
2.65277543945 -2.30561619873 -9.49779798584 1.45088620605 -4.8793829834 -8.67419261475
2.67432325439 -2.36068283691 -9.47146176758 1.48919343262 -4.84586416016 -8.64785639648
2.70065947266 -2.4037784668 -9.39005891113 1.5203180542 -4.8314989502 -8.72447084961
2.698265271 -2.36786544189 -9.42118353271 1.40300217285 -4.83389315186 -8.68137521973
2.71263048096 -2.33674082031 -9.50258638916 1.46285721436 -4.79558592529 -8.74841286621
2.71263048096 -2.33913502197 -9.51934580078 1.4844050293 -4.82910474854 -8.69334622803
2.68868846436 -2.34631762695 -9.48103857422 1.44130939941 -4.75488449707 -8.74601866455
2.77966812744 -2.33434661865 -9.63905588379 1.39103116455 -4.87220037842 -8.68376942139
2.7341782959 -2.32716401367 -9.55525882568 1.45088620605 -4.83628735352 -8.66222160645
2.67671745605 -2.37504804687 -9.46906756592 1.49398183594 -4.87220037842 -8.70531723633
2.72460148926 -2.41814367676 -9.43076033936 1.44849200439 -4.82192214355 -8.72207664795
2.71741888428 -2.35828863525 -9.47385596924 1.43891519775 -4.8554409668 -8.74123026123
2.66474644775 -2.33674082031 -9.41639512939 1.48679923096 -4.88895979004 -8.63349118652
2.70784207764 -2.37025964355 -9.53131680908 1.49398183594 -4.8314989502 -8.69574042969
2.74854350586 -2.37025964355 -9.65102689209 1.46764561768 -4.85304676514 -8.70052883301
2.698265271 -2.4037784668 -9.4762501709 1.43891519775 -4.87459458008 -8.69574042969
2.76530291748 -2.34152922363 -9.62229647217 1.47482822266 -4.8434699585 -8.74841286621
2.73178409424 -2.38701905518 -9.46906756592 1.49398183594 -4.8793829834 -8.72925925293
2.75333190918 -2.37744224854 -9.50498059082 1.42694418945 -4.85304676514 -8.65743320312
2.70784207764 -2.36786544189 -9.38766470947 1.41736738281 -4.84586416016 -8.68616362305
2.70544787598 -2.39899006348 -9.46667336426 1.46764561768 -4.88895979004 -8.74362446289
2.71263048096 -2.47799871826 -9.51695159912 1.50595284424 -4.85304676514 -8.68616362305
2.75572611084 -2.42053787842 -9.35893428955 1.51313544922 -4.88177718506 -8.66461580811
2.69347686768 -2.44926829834 -9.49300958252 1.44609780273 -4.84586416016 -8.73165345459
2.72460148926 -2.40856687012 -9.54568201904 1.4963760376 -4.92247861328 -8.71728824463
2.71981308594 -2.38941325684 -9.60553706055 1.45806881104 -4.88656558838 -8.70531723633
2.66474644775 -2.39420166016 -9.49779798584 1.46764561768 -4.83628735352 -8.70771143799
2.65756384277 -2.36786544189 -9.34935748291 1.41497318115 -4.84825836182 -8.72447084961
2.68150585937 -2.32237561035 -9.44991395264 1.472434021 -4.85304676514 -8.72925925293
2.7222072876 -2.33674082031 -9.49061538086 1.41257897949 -4.89614239502 -8.71010563965
2.74375510254 -2.35589443359 -9.48582697754 1.47961662598 -4.91050760498 -8.71728824463
2.69347686768 -2.4157494751 -9.46667336426 1.46764561768 -4.87698878174 -8.71968244629
2.69587106934 -2.3798364502 -9.62229647217 1.42215578613 -4.8674119751 -8.74362446289
2.66235224609 -2.37025964355 -9.54568201904 1.44130939941 -4.89853659668 -8.71968244629
2.65756384277 -2.32716401367 -9.53131680908 1.43652099609 -4.85065256348 -8.70531723633
2.62883342285 -2.35828863525 -9.61032546387 1.37427175293 -4.84586416016 -8.6406737915
2.6862942627 -2.34392342529 -9.50737479248 1.41018477783 -4.86022937012 -8.65982740479
2.68150585937 -2.40856687012 -9.49300958252 1.4604630127 -4.84825836182 -8.69095202637
2.7461493042 -2.40138426514 -9.41160672607 1.41976158447 -4.88417138672 -8.68855782471
2.73178409424 -2.37025964355 -9.36611689453 1.38863696289 -4.88177718506 -8.68137521973
2.68150585937 -2.39899006348 -9.54089361572 1.4604630127 -4.88656558838 -8.70292303467
2.64319863281 -2.33674082031 -9.53371101074 1.45567460937 -4.86022937012 -8.87291135254
2.6862942627 -2.43250888672 -9.54568201904 1.41018477783 -4.8793829834 -8.65503900146
2.70305367432 -2.38701905518 -9.42118353271 1.44370360107 -4.89853659668 -8.66940421143
2.698265271 -2.37744224854 -9.49061538086 1.49158763428 -4.8554409668 -8.71728824463
2.70784207764 -2.35589443359 -9.50498059082 1.45806881104 -4.88417138672 -8.68376942139
2.64798703613 -2.36547124023 -9.50737479248 1.44130939941 -4.8674119751 -8.68137521973
2.64798703613 -2.38701905518 -9.49061538086 1.47722242432 -4.9152960083 -8.74123026123
2.7341782959 -2.44208569336 -9.44512554932 1.45088620605 -4.90093079834 -8.64785639648
2.62883342285 -2.35589443359 -9.5121631958 1.41497318115 -4.92247861328 -8.73883605957
2.65516964111 -2.33674082031 -9.52174000244 1.38624276123 -5.03021768799 -8.67658681641
2.69587106934 -2.35828863525 -9.53849941406 1.48201082764 -4.88895979004 -8.70292303467
2.66953485107 -2.3798364502 -9.5241342041 1.42454998779 -5.03979449463 -8.70292303467
2.65277543945 -2.41335527344 -9.45709655762 1.43652099609 -4.91290180664 -8.6406737915
2.68150585937 -2.36786544189 -9.43076033936 1.47482822266 -4.88895979004 -8.72207664795
2.69587106934 -2.35110603027 -9.39484731445 1.38145435791 -4.88656558838 -8.66461580811
2.67192905273 -2.29125098877 -9.46906756592 1.42933839111 -4.88177718506 -8.65503900146
2.61446821289 -2.36307703857 -9.34935748291 1.41257897949 -4.87220037842 -8.66461580811
2.64559283447 -2.32237561035 -9.50258638916 1.39821376953 -4.86022937012 -8.70531723633
2.75572611084 -2.37265384521 -9.65102689209 1.43173259277 -4.84825836182 -8.71249984131
2.66953485107 -2.34152922363 -9.39724151611 1.41497318115 -4.9152960083 -8.6287027832
2.64798703613 -2.38223065186 -9.4762501709 1.40060797119 -4.88417138672 -8.65025059814
2.66953485107 -2.35828863525 -9.56962403564 1.42933839111 -4.88177718506 -8.70531723633
2.64798703613 -2.30801040039 -9.58638344727 1.41257897949 -4.91290180664 -8.67179841309
2.71502468262 -2.40856687012 -9.48103857422 1.46285721436 -4.83389315186 -8.71728824463
2.70544787598 -2.35828863525 -9.46906756592 1.38384855957 -4.89374819336 -8.66461580811
2.64559283447 -2.31998140869 -9.49300958252 1.44609780273 -4.75249029541 -8.61433757324
2.70065947266 -2.34631762695 -9.48582697754 1.40300217285 -4.8674119751 -8.64546219482
2.62643922119 -2.44687409668 -9.46906756592 1.38384855957 -4.83389315186 -8.67419261475
2.62404501953 -2.38462485352 -9.54568201904 1.472434021 -4.75727869873 -8.68855782471
2.61207401123 -2.43729729004 -9.58159504395 1.49158763428 -4.91290180664 -8.66461580811
2.71502468262 -2.42053787842 -9.49540378418 1.35272393799 -4.85783516846 -8.67179841309
2.62643922119 -2.38462485352 -9.44991395264 1.38145435791 -4.8793829834 -8.68855782471
2.63841022949 -2.44687409668 -9.44512554932 1.43652099609 -5.05415970459 -8.61433757324
2.68868846436 -2.40856687012 -9.49061538086 1.37427175293 -4.88656558838 -8.71728824463
2.55461317139 -2.42532628174 -9.36611689453 1.41497318115 -4.92008441162 -8.73404765625
2.65756384277 -2.4516625 -9.53849941406 1.42694418945 -4.90811340332 -8.65025059814
2.65277543945 -2.5115175415 -9.5480762207 1.4604630127 -4.86501777344 -8.69334622803
2.59770880127 -2.43250888672 -9.4882211792 1.43891519775 -4.92008441162 -8.70292303467
2.61925661621 -2.38701905518 -9.36851109619 1.38863696289 -4.9392380249 -8.67658681641
2.59052619629 -2.43729729004 -9.56722983398 1.45328040771 -5.03979449463 -8.73165345459
2.64319863281 -2.38941325684 -9.5241342041 1.41497318115 -4.9512090332 -8.67179841309
2.63122762451 -2.36307703857 -9.50498059082 1.39821376953 -4.86980617676 -8.70052883301
2.45884510498 -2.40617266846 -9.54568201904 1.4604630127 -4.8674119751 -8.70052883301
2.66474644775 -2.38462485352 -9.5480762207 1.44130939941 -4.94881483154 -8.87291135254
2.67911165771 -2.4157494751 -9.560047229 1.35272393799 -4.94402642822 -8.6526447998
2.62404501953 -2.40138426514 -9.53849941406 1.38624276123 -4.94642062988 -8.71489404297
2.63601602783 -2.35828863525 -9.52892260742 1.43173259277 -4.98233365479 -8.63349118652
2.60489140625 -2.44447989502 -9.58398924561 1.41257897949 -4.91290180664 -8.67658681641
2.66474644775 -2.38941325684 -9.50498059082 1.41976158447 -4.95360323486 -8.68616362305
2.59531459961 -2.34392342529 -9.56962403564 1.37906015625 -4.94881483154 -8.65982740479
2.57616098633 -2.35110603027 -9.57441243896 1.42694418945 -4.83389315186 -8.77235488281
2.4516625 -2.37744224854 -9.56244143066 1.38863696289 -4.89853659668 -8.67419261475
2.64559283447 -2.35828863525 -9.45949075928 1.39581956787 -4.93684382324 -8.63827958984
2.64559283447 -2.36547124023 -9.5121631958 1.42694418945 -4.88417138672 -8.73165345459
2.61925661621 -2.35350023193 -9.64384428711 1.41976158447 -4.91769020996 -8.62630858154
2.61925661621 -2.33195241699 -9.49540378418 1.37666595459 -4.87220037842 -8.69095202637
2.67671745605 -2.33674082031 -9.37090529785 1.37427175293 -4.86501777344 -8.71728824463
2.57616098633 -2.32955821533 -9.49061538086 1.35751234131 -4.9272670166 -8.6526447998
2.74375510254 -2.43729729004 -9.56244143066 1.39821376953 -4.75488449707 -8.67419261475
2.62404501953 -2.38941325684 -9.50737479248 1.38863696289 -4.89614239502 -8.69813463135
2.64559283447 -2.37744224854 -9.46906756592 1.39821376953 -4.94642062988 -8.6287027832
2.64319863281 -2.42532628174 -9.50737479248 1.41497318115 -4.9272670166 -8.67419261475
2.65516964111 -2.3918074585 -9.5001921875 1.45567460937 -4.92247861328 -8.63827958984
2.60728560791 -2.35828863525 -9.42357773437 1.41018477783 -4.90571920166 -8.68855782471
2.55940157471 -2.32955821533 -9.51934580078 1.22583125 -4.97036264648 -8.62630858154
2.56418997803 -2.37025964355 -9.5361052124 1.41018477783 -4.89614239502 -8.63588538818
2.7461493042 -2.42293208008 -9.5241342041 1.39103116455 -4.94642062988 -8.69095202637
2.62404501953 -2.37744224854 -9.55525882568 1.31441671143 -4.94402642822 -8.66222160645
2.46123930664 -2.41335527344 -9.51455739746 1.42215578613 -4.90571920166 -8.66701000977
2.64559283447 -2.36068283691 -9.37090529785 1.41736738281 -4.87220037842 -8.70292303467
2.59292039795 -2.38701905518 -9.50976899414 1.38624276123 -4.97275684814 -8.66701000977
2.57137258301 -2.31758720703 -9.46906756592 1.36230074463 -4.9751510498 -8.71968244629
2.60249720459 -2.37265384521 -9.56722983398 1.42454998779 -4.87459458008 -8.64306799316
2.56658417969 -2.37025964355 -9.50498059082 1.37187755127 -4.93444962158 -8.65025059814
2.60249720459 -2.40138426514 -9.49300958252 1.41497318115 -4.87220037842 -8.69095202637
2.48278712158 -2.33195241699 -9.53849941406 1.42694418945 -4.92487281494 -8.60236656494
2.63362182617 -2.36786544189 -9.55286462402 1.41976158447 -4.91290180664 -8.70292303467
2.58334359131 -2.34392342529 -9.5001921875 1.41257897949 -4.9512090332 -8.67658681641
2.59770880127 -2.31998140869 -9.34935748291 1.5203180542 -4.92487281494 -8.73404765625
2.57376678467 -2.34152922363 -9.5121631958 1.38384855957 -4.95360323486 -8.70052883301
2.58094938965 -2.37744224854 -9.53849941406 1.38624276123 -4.9392380249 -8.6526447998
2.59531459961 -2.33913502197 -9.65342109375 1.34314713135 -4.86262357178 -8.67419261475
2.54024796143 -2.37744224854 -9.56244143066 1.42694418945 -4.92487281494 -8.66940421143
2.74854350586 -2.36068283691 -9.48343277588 1.41257897949 -4.88656558838 -8.62630858154
2.61686241455 -2.41814367676 -9.51934580078 1.41736738281 -4.96557424316 -8.65025059814
2.55221896973 -2.33434661865 -9.41160672607 1.34314713135 -4.95599743652 -8.61194337158
2.54743056641 -2.35110603027 -9.47385596924 1.33117612305 -4.95839163818 -8.67898101807
2.55700737305 -2.43729729004 -9.47864437256 1.38863696289 -4.99191046143 -8.64785639648
2.56418997803 -2.40856687012 -9.54328781738 1.39103116455 -4.98951625977 -8.70771143799
2.58573779297 -2.43250888672 -9.560047229 1.45088620605 -4.9272670166 -8.65743320312
2.54503636475 -2.42532628174 -9.53849941406 1.44130939941 -4.97993945312 -8.6287027832
2.57376678467 -2.37265384521 -9.44273134766 1.39821376953 -4.91769020996 -8.69813463135
2.60728560791 -2.31519300537 -9.36372269287 1.35032973633 -4.95599743652 -8.65503900146
2.53306535645 -2.38223065186 -9.59356605225 1.37427175293 -4.94881483154 -8.67658681641
2.58813199463 -2.37025964355 -9.5361052124 1.42454998779 -5.04697709961 -8.64546219482
2.60010300293 -2.4277204834 -9.64145008545 1.52750065918 -4.98233365479 -8.68616362305
2.75093770752 -2.36786544189 -9.53849941406 1.24737906494 -4.95360323486 -8.63109698486
2.61686241455 -2.39899006348 -9.46188496094 1.38384855957 -4.95599743652 -8.68376942139
2.59292039795 -2.3918074585 -9.48582697754 1.5203180542 -4.96557424316 -8.62391437988
2.50672913818 -2.32237561035 -9.49779798584 1.38384855957 -4.92966121826 -8.58081875
2.58334359131 -2.40856687012 -9.51695159912 1.44370360107 -4.75488449707 -8.69813463135
2.58334359131 -2.32716401367 -9.41639512939 1.38624276123 -4.94402642822 -8.67898101807
2.58813199463 -2.37025964355 -9.65342109375 1.39103116455 -4.9512090332 -8.63827958984
2.60967980957 -2.38941325684 -9.5361052124 1.38145435791 -4.94642062988 -8.63588538818
2.61446821289 -2.38941325684 -9.55047042236 1.33835872803 -4.93684382324 -8.5927897583
2.56658417969 -2.40856687012 -9.5361052124 1.42454998779 -5.01106407471 -8.47547387695
2.56658417969 -2.36068283691 -9.65820949707 1.40539637451 -4.88656558838 -8.59518395996
2.52827695312 -2.37025964355 -9.54568201904 1.42454998779 -4.9512090332 -8.61433757324
2.58573779297 -2.39659586182 -9.5480762207 1.38384855957 -4.99191046143 -8.57124194336
2.57376678467 -2.37265384521 -9.65342109375 1.43652099609 -4.94163222656 -8.65982740479
2.54024796143 -2.43729729004 -9.57920084229 1.40060797119 -4.94402642822 -8.61194337158
2.57137258301 -2.38941325684 -9.48103857422 1.35751234131 -5.02542928467 -8.63109698486
2.52827695312 -2.41096107178 -9.49061538086 1.39821376953 -4.97993945312 -8.56166513672
2.54982476807 -2.38462485352 -9.58877764893 1.52989486084 -4.95599743652 -8.64785639648
2.56179577637 -2.42532628174 -9.55047042236 1.40300217285 -4.98951625977 -8.59039555664
2.55940157471 -2.39659586182 -9.49779798584 1.45328040771 -4.95599743652 -8.68137521973
2.54743056641 -2.4277204834 -9.52174000244 1.39342536621 -4.98951625977 -8.62630858154
2.53785375977 -2.41335527344 -9.5241342041 1.43173259277 -4.94881483154 -8.73165345459
2.54503636475 -2.39420166016 -9.65102689209 1.24259066162 -4.96557424316 -8.6167317749
2.55221896973 -2.37744224854 -9.54089361572 1.52750065918 -4.95839163818 -8.61912597656
2.51630594482 -2.35110603027 -9.52892260742 1.39342536621 -4.93205541992 -8.59757816162
2.60489140625 -2.38941325684 -9.47385596924 1.38145435791 -4.94881483154 -8.71249984131
2.53067115479 -2.39899006348 -9.44512554932 1.36230074463 -5.01585247803 -8.64306799316
2.57376678467 -2.43729729004 -9.50737479248 1.40300217285 -4.9272670166 -8.64546219482
2.61207401123 -2.38223065186 -9.5480762207 1.44370360107 -4.92008441162 -8.87291135254
2.54024796143 -2.37744224854 -9.54089361572 1.28808049316 -5.00388146973 -8.59039555664
2.53545955811 -2.34871182861 -9.58159504395 1.22822545166 -4.97754525146 -8.73165345459
2.58334359131 -2.3798364502 -9.58638344727 1.41018477783 -4.9392380249 -8.65025059814
2.51391174316 -2.38941325684 -9.53849941406 1.32399351807 -4.97275684814 -8.62391437988
2.55221896973 -2.41335527344 -9.52174000244 1.39821376953 -4.95599743652 -8.59757816162
2.54982476807 -2.39659586182 -9.53371101074 1.38145435791 -4.94163222656 -8.5927897583
2.53306535645 -2.41096107178 -9.52652840576 1.30962830811 -5.02542928467 -8.6047607666
2.61207401123 -2.43011468506 -9.5121631958 1.35032973633 -4.9152960083 -8.5927897583
2.53306535645 -2.3798364502 -9.46667336426 1.33357032471 -5.01106407471 -8.64306799316
2.50912333984 -2.34871182861 -9.5001921875 1.39342536621 -4.98712205811 -8.65982740479
2.4995465332 -2.39659586182 -9.55765302734 1.44130939941 -4.93205541992 -8.66940421143
2.54503636475 -2.39899006348 -9.48582697754 1.35751234131 -5.04937130127 -8.65743320312
2.55461317139 -2.4277204834 -9.45470235596 1.40539637451 -5.02303508301 -8.42998404541
2.51391174316 -2.43490308838 -9.59835445557 1.38384855957 -5.01345827637 -8.5568767334
2.60249720459 -2.4995465332 -9.48582697754 1.43891519775 -4.94642062988 -8.60954916992
2.54264216309 -2.50912333984 -9.4283661377 1.22822545166 -5.00148726807 -8.57124194336
2.50912333984 -2.44447989502 -9.49300958252 1.36708914795 -5.02782348633 -8.59518395996
2.54982476807 -2.43490308838 -9.40681832275 1.35511813965 -4.97275684814 -8.63109698486
2.48518132324 -2.39420166016 -9.44751975098 1.52750065918 -4.99430466309 -8.56405933838
2.54503636475 -2.31040460205 -9.4762501709 1.40779057617 -4.96078583984 -8.65982740479
2.52588275146 -2.48278712158 -9.49300958252 1.37427175293 -5.04218869629 -8.56645354004
2.50672913818 -2.60249720459 -9.59835445557 1.36230074463 -5.02064088135 -8.65743320312
2.54264216309 -2.34152922363 -9.53849941406 1.23301385498 -4.9631800415 -8.64306799316
2.48278712158 -2.41814367676 -9.55286462402 1.40060797119 -5.07570751953 -8.57603034668
2.48996972656 -2.38701905518 -9.50976899414 1.51074124756 -5.03021768799 -8.59518395996
2.51870014648 -2.37025964355 -9.51695159912 1.31681091309 -5.05415970459 -8.6167317749
2.48518132324 -2.31758720703 -9.5361052124 1.33117612305 -4.97036264648 -8.61433757324
2.51391174316 -2.37744224854 -9.5361052124 1.38145435791 -5.04937130127 -8.60954916992
2.53785375977 -2.40856687012 -9.560047229 1.39821376953 -5.10922634277 -8.46110866699
2.51391174316 -2.42053787842 -9.60314285889 1.32638771973 -5.07331331787 -8.62152017822
2.48996972656 -2.31758720703 -9.57680664062 1.35032973633 -4.92008441162 -8.72925925293
2.47081611328 -2.42532628174 -9.55047042236 1.36948334961 -5.09007272949 -8.60715496826
2.44926829834 -2.42532628174 -9.50976899414 1.36230074463 -5.05894810791 -8.56405933838
2.4875755249 -2.40138426514 -9.53849941406 1.31202250977 -5.05176550293 -8.55448253174
2.52588275146 -2.43490308838 -9.53131680908 1.33835872803 -5.03500609131 -8.57124194336
2.49475812988 -2.35350023193 -9.56244143066 1.30962830811 -5.04218869629 -8.62391437988
2.45405670166 -2.41096107178 -9.50258638916 1.32638771973 -5.05655390625 -8.61194337158
2.53545955811 -2.39420166016 -9.5241342041 1.39103116455 -5.01345827637 -8.63349118652
2.49715233154 -2.4277204834 -9.48582697754 1.36230074463 -5.04937130127 -8.54969412842
2.53545955811 -2.39659586182 -9.54568201904 1.51792385254 -4.93444962158 -8.65982740479
2.45405670166 -2.36547124023 -9.59356605225 1.30723410645 -5.05894810791 -8.55927093506
2.4037784668 -2.4277204834 -9.51695159912 1.42694418945 -5.08049592285 -8.45632026367
2.53306535645 -2.41096107178 -9.5361052124 1.33117612305 -5.05176550293 -8.64785639648
2.48996972656 -2.4396914917 -9.49540378418 1.31681091309 -5.09007272949 -8.53532891846
2.4995465332 -2.38223065186 -9.560047229 1.22583125 -5.09246693115 -8.53054051514
2.48278712158 -2.42053787842 -9.56962403564 1.40300217285 -4.96796844482 -8.65025059814
2.49236392822 -2.41335527344 -9.45709655762 1.36230074463 -5.03740029297 -8.58321295166
2.45405670166 -2.41335527344 -9.49061538086 1.35751234131 -5.05655390625 -8.63349118652
2.4995465332 -2.36547124023 -9.57920084229 1.28808049316 -5.05655390625 -8.57603034668
2.49715233154 -2.42053787842 -9.35893428955 1.35511813965 -5.02782348633 -8.54729992676
2.50433493652 -2.44447989502 -9.5361052124 1.39103116455 -5.00866987305 -8.64306799316
2.44447989502 -2.4157494751 -9.61271966553 1.36230074463 -5.07331331787 -8.61433757324
2.4995465332 -2.36547124023 -9.53131680908 1.37427175293 -5.03979449463 -8.73404765625
2.4995465332 -2.40138426514 -9.48103857422 1.32399351807 -5.11880314941 -8.51856950684
2.42053787842 -2.37025964355 -9.57680664062 1.32399351807 -5.04458289795 -8.6167317749
2.4396914917 -2.34392342529 -9.560047229 1.31920511475 -5.03500609131 -8.53772312012
2.47321031494 -2.42532628174 -9.56722983398 1.35032973633 -5.01345827637 -8.71968244629
2.47081611328 -2.34392342529 -9.45709655762 1.32878192139 -5.08528432617 -8.5329347168
2.4396914917 -2.35828863525 -9.50498059082 1.30962830811 -5.11162054443 -8.55927093506
2.49715233154 -2.36068283691 -9.60793126221 1.33835872803 -5.02064088135 -8.61433757324
2.41096107178 -2.42053787842 -9.55047042236 1.34075292969 -5.04937130127 -8.56645354004
2.48996972656 -2.41335527344 -9.560047229 1.32159931641 -5.07091911621 -8.56645354004
2.60249720459 -2.37504804687 -9.51455739746 1.32638771973 -5.04458289795 -8.59757816162
2.4756045166 -2.30561619873 -9.50976899414 1.25216746826 -4.99669886475 -8.63109698486
2.47081611328 -2.42053787842 -9.5480762207 1.33835872803 -5.09246693115 -8.59997236328
2.4995465332 -2.4037784668 -9.51695159912 1.40060797119 -5.06373651123 -8.5688477417
2.44687409668 -2.38462485352 -9.56722983398 1.28089788818 -5.06852491455 -8.55927093506
2.4277204834 -2.59292039795 -9.56962403564 1.36469494629 -5.18823499756 -8.67658681641
2.47321031494 -2.42053787842 -9.51934580078 1.33117612305 -4.93205541992 -8.60236656494
2.4396914917 -2.39659586182 -9.55525882568 1.41018477783 -5.06852491455 -8.46350286865
2.47321031494 -2.43250888672 -9.58159504395 1.43412679443 -5.19062919922 -8.54969412842
2.51391174316 -2.4037784668 -9.57920084229 1.2856862915 -5.02782348633 -8.64306799316
2.5234885498 -2.38223065186 -9.37329949951 1.31920511475 -5.13556256104 -8.6167317749
2.44926829834 -2.44208569336 -9.57680664062 1.30962830811 -5.06613071289 -8.54251152344
2.49236392822 -2.38462485352 -9.53849941406 1.34075292969 -4.99191046143 -8.64785639648
2.52588275146 -2.41335527344 -9.63426748047 1.29286889648 -5.05655390625 -8.60954916992
2.44926829834 -2.42532628174 -9.54089361572 1.32159931641 -5.09246693115 -8.61912597656
2.4516625 -2.37504804687 -9.5480762207 1.34314713135 -5.03261188965 -8.60715496826
2.5115175415 -2.39659586182 -9.560047229 1.36948334961 -5.00388146973 -8.6047607666
2.45645090332 -2.40617266846 -9.5480762207 1.33596452637 -5.06373651123 -8.53054051514
2.47799871826 -2.4037784668 -9.49540378418 1.35032973633 -5.06613071289 -8.71728824463
2.42532628174 -2.31279880371 -9.54328781738 1.35990654297 -5.04218869629 -8.62391437988
2.49236392822 -2.42293208008 -9.5361052124 1.42454998779 -5.01824667969 -8.55208833008
2.45884510498 -2.37744224854 -9.61271966553 1.37906015625 -5.03500609131 -8.49941589355
2.48039291992 -2.41335527344 -9.50976899414 1.34075292969 -5.05415970459 -8.61433757324
2.48518132324 -2.4037784668 -9.5241342041 1.37187755127 -5.03979449463 -8.61433757324
2.42293208008 -2.31758720703 -9.5720182373 1.26653267822 -5.02782348633 -8.63109698486
2.44687409668 -2.4396914917 -9.61271966553 1.33357032471 -5.08049592285 -8.60715496826
2.50194073486 -2.4636335083 -9.55525882568 1.35990654297 -5.03979449463 -8.66222160645
2.44687409668 -2.44208569336 -9.5361052124 1.30244570312 -5.07091911621 -8.49702169189
2.4756045166 -2.3918074585 -9.55047042236 1.34314713135 -5.06134230957 -8.6167317749
2.48518132324 -2.4396914917 -9.57441243896 1.36469494629 -5.05894810791 -8.60236656494
2.46123930664 -2.41335527344 -9.5720182373 1.35990654297 -5.13556256104 -8.5568767334
2.46123930664 -2.45645090332 -9.61271966553 1.22583125 -5.20738861084 -8.54729992676
2.50672913818 -2.43729729004 -9.49540378418 1.41736738281 -5.03740029297 -8.46829127197
2.4756045166 -2.41814367676 -9.47385596924 1.33596452637 -5.10204373779 -8.6047607666
2.4277204834 -2.35350023193 -9.560047229 1.29286889648 -5.12598575439 -8.59757816162
2.43729729004 -2.43729729004 -9.56483563232 1.35511813965 -5.07570751953 -8.60715496826
2.44926829834 -2.44208569336 -9.50498059082 1.37427175293 -5.06613071289 -8.54251152344
2.57137258301 -2.4277204834 -9.560047229 1.36230074463 -5.10204373779 -8.58560715332
2.4396914917 -2.46602770996 -9.5361052124 1.39821376953 -5.08528432617 -8.59757816162
2.46842191162 -2.4157494751 -9.5241342041 1.31202250977 -5.07331331787 -8.6287027832
2.46602770996 -2.39899006348 -9.54328781738 1.32159931641 -5.1379567627 -8.57842454834
2.60010300293 -2.41096107178 -9.55286462402 1.23301385498 -5.01585247803 -8.63109698486
2.4995465332 -2.4277204834 -9.47385596924 1.36948334961 -4.93444962158 -8.5927897583
2.45884510498 -2.4396914917 -9.61271966553 1.31681091309 -4.91769020996 -8.59997236328
2.48039291992 -2.4157494751 -9.57920084229 1.33117612305 -5.09246693115 -8.54729992676
2.41096107178 -2.40856687012 -9.56483563232 1.31441671143 -5.11640894775 -8.56405933838
2.39659586182 -2.38223065186 -9.5720182373 1.29526309814 -5.01824667969 -8.5688477417
2.4277204834 -2.41096107178 -9.55765302734 1.31681091309 -5.12119735107 -8.57124194336
2.37504804687 -2.42053787842 -9.58398924561 1.33117612305 -5.07810172119 -8.57603034668
2.59292039795 -2.35110603027 -9.56483563232 1.2737152832 -5.09725533447 -8.59039555664
2.47321031494 -2.37744224854 -9.40202991943 1.35990654297 -5.05655390625 -8.60715496826
2.46123930664 -2.43011468506 -9.57680664062 1.34075292969 -5.06613071289 -8.61912597656
2.43490308838 -2.37025964355 -9.54328781738 1.30005150146 -5.05176550293 -8.5927897583
2.50912333984 -2.40617266846 -9.50976899414 1.37427175293 -4.98233365479 -8.6167317749
2.50672913818 -2.43250888672 -9.50258638916 1.35990654297 -5.06852491455 -8.58081875
2.49236392822 -2.42053787842 -9.64623848877 1.35511813965 -5.13556256104 -8.57124194336
2.44687409668 -2.38462485352 -9.54328781738 1.32159931641 -5.07091911621 -8.57363614502
2.32716401367 -2.37265384521 -9.64384428711 1.31681091309 -4.91050760498 -8.61912597656
2.41814367676 -2.41814367676 -9.50258638916 1.39821376953 -5.06613071289 -8.59997236328
2.44208569336 -2.43729729004 -9.54089361572 1.36948334961 -5.04218869629 -8.63588538818
2.43490308838 -2.46602770996 -9.53371101074 1.43173259277 -5.06852491455 -8.58321295166
2.48518132324 -2.42532628174 -9.48582697754 1.37187755127 -5.04218869629 -8.58560715332
2.4636335083 -2.43011468506 -9.51455739746 1.35032973633 -5.07091911621 -8.56645354004
2.44687409668 -2.35110603027 -9.50258638916 1.29286889648 -5.01585247803 -8.58560715332
2.43729729004 -2.39659586182 -9.52892260742 1.23301385498 -5.02782348633 -8.59039555664
2.44447989502 -2.39659586182 -9.58877764893 1.32399351807 -5.04458289795 -8.51617530518
2.4636335083 -2.39659586182 -9.59117185059 1.2856862915 -5.07091911621 -8.45871446533
2.44208569336 -2.40856687012 -9.48103857422 1.39581956787 -5.05655390625 -8.54729992676
2.44447989502 -2.33913502197 -9.61271966553 1.30723410645 -5.03979449463 -8.58560715332
2.4636335083 -2.38223065186 -9.53131680908 1.36469494629 -5.14035096436 -8.55448253174
2.48039291992 -2.39899006348 -9.56722983398 1.34314713135 -4.90571920166 -8.59757816162
2.4756045166 -2.39420166016 -9.58159504395 1.28329208984 -5.06373651123 -8.5449057251
2.47081611328 -2.4037784668 -9.55525882568 1.34314713135 -5.08049592285 -8.53772312012
2.48039291992 -2.40138426514 -9.52652840576 1.34793553467 -5.07331331787 -8.59039555664
2.45884510498 -2.40138426514 -9.560047229 1.30483990479 -4.90811340332 -8.59039555664
2.30082779541 -2.4396914917 -9.56483563232 1.29047469482 -5.03979449463 -8.48265648193
2.49475812988 -2.3918074585 -9.42597193604 1.31681091309 -4.93444962158 -8.5568767334
2.57137258301 -2.40138426514 -9.4762501709 1.33596452637 -5.07810172119 -8.57363614502
2.50194073486 -2.34631762695 -9.56722983398 1.30244570312 -5.07331331787 -8.54969412842
2.42293208008 -2.33195241699 -9.5480762207 1.35511813965 -5.10683214111 -8.55208833008
2.4516625 -2.43011468506 -9.63905588379 1.32399351807 -5.05415970459 -8.55927093506
2.4756045166 -2.4636335083 -9.48343277588 1.32399351807 -5.11162054443 -8.5568767334
2.47321031494 -2.42053787842 -9.65342109375 1.35990654297 -5.03979449463 -8.5329347168
2.44926829834 -2.36547124023 -9.51695159912 1.32878192139 -5.02064088135 -8.55448253174
2.29843359375 -2.38941325684 -9.57920084229 1.35990654297 -5.02782348633 -8.51617530518
2.50433493652 -2.42532628174 -9.58877764893 1.34075292969 -5.19302340088 -8.60715496826
2.4875755249 -2.4516625 -9.64145008545 1.34554133301 -5.06613071289 -8.44674345703
2.47321031494 -2.4516625 -9.48582697754 1.34554133301 -5.06373651123 -8.57124194336
2.43011468506 -2.3918074585 -9.5480762207 1.40060797119 -4.9152960083 -8.51617530518
2.4636335083 -2.39420166016 -9.62469067383 1.31441671143 -5.02782348633 -8.58081875
2.48039291992 -2.39420166016 -9.63666168213 1.22583125 -5.04218869629 -8.48744488525
2.48039291992 -2.4037784668 -9.50737479248 1.37666595459 -5.06134230957 -8.57842454834
2.4516625 -2.40617266846 -9.49779798584 1.35032973633 -5.10922634277 -8.46110866699
2.46602770996 -2.32955821533 -9.50737479248 1.30005150146 -5.08767852783 -8.60954916992
2.30801040039 -2.37744224854 -9.37569370117 1.34793553467 -5.06613071289 -8.57124194336
2.4277204834 -2.4157494751 -9.56244143066 1.36948334961 -5.05894810791 -8.5329347168
2.4396914917 -2.41335527344 -9.61750806885 1.37666595459 -5.08528432617 -8.43956085205
2.48518132324 -2.42053787842 -9.50737479248 1.38384855957 -5.08767852783 -8.6047607666
2.45405670166 -2.38462485352 -9.50737479248 1.31920511475 -5.07331331787 -8.51856950684
2.4756045166 -2.4157494751 -9.58877764893 1.36708914795 -5.11401474609 -8.47547387695
2.4875755249 -2.40138426514 -9.64384428711 1.34554133301 -5.06613071289 -8.61912597656
2.30561619873 -2.42293208008 -9.58159504395 1.32638771973 -5.06134230957 -8.58321295166
2.43011468506 -2.45405670166 -9.55765302734 1.35272393799 -4.94163222656 -8.50420429687
2.4995465332 -2.39899006348 -9.50737479248 1.32399351807 -5.05655390625 -8.61194337158
2.46602770996 -2.41335527344 -9.58159504395 1.30723410645 -5.01585247803 -8.62630858154
2.39659586182 -2.35828863525 -9.60314285889 1.34793553467 -5.13316835937 -8.5089927002
2.50194073486 -2.40856687012 -9.50498059082 1.35751234131 -5.01585247803 -8.59039555664
2.46602770996 -2.43011468506 -9.44751975098 1.34314713135 -5.13316835937 -8.43956085205
2.40617266846 -2.4277204834 -9.45709655762 1.26892687988 -5.08767852783 -8.43237824707
2.43011468506 -2.38941325684 -9.61032546387 1.37666595459 -5.20260020752 -8.47547387695
2.51391174316 -2.3798364502 -9.57680664062 1.33596452637 -5.00866987305 -8.64306799316
2.64559283447 -2.48996972656 -9.5001921875 1.42454998779 -4.93444962158 -8.72686505127
2.47081611328 -2.45645090332 -9.45709655762 1.28808049316 -5.19062919922 -8.47307967529
2.29843359375 -2.37504804687 -9.59835445557 1.25695587158 -5.02542928467 -8.49223328857
2.45645090332 -2.38701905518 -9.57441243896 1.41257897949 -4.97036264648 -8.63827958984
2.45405670166 -2.39899006348 -9.5121631958 1.34314713135 -5.11880314941 -8.54729992676
2.42053787842 -2.42053787842 -9.55525882568 1.25695587158 -5.09725533447 -8.53054051514
2.50194073486 -2.39899006348 -9.44991395264 1.37427175293 -5.01824667969 -8.59039555664
2.45645090332 -2.39659586182 -9.50498059082 1.32159931641 -5.09486113281 -8.44195505371
2.39659586182 -2.37504804687 -9.50498059082 1.35751234131 -5.09246693115 -8.58081875
2.49236392822 -2.41335527344 -9.57680664062 1.38384855957 -4.98233365479 -8.70531723633
2.54024796143 -2.41335527344 -9.61032546387 1.32638771973 -5.04937130127 -8.60715496826
2.50672913818 -2.41335527344 -9.560047229 1.31202250977 -5.06852491455 -8.59518395996
2.47081611328 -2.41814367676 -9.51455739746 1.33596452637 -5.03500609131 -8.57842454834
2.48278712158 -2.37025964355 -9.48343277588 1.34554133301 -5.04697709961 -8.63109698486
2.4277204834 -2.39420166016 -9.55765302734 1.33117612305 -5.11162054443 -8.59039555664
2.47321031494 -2.4396914917 -9.58398924561 1.34075292969 -5.10922634277 -8.64306799316
2.4277204834 -2.3918074585 -9.52652840576 1.29526309814 -4.90571920166 -8.57363614502
2.4756045166 -2.43490308838 -9.5720182373 1.31681091309 -5.05894810791 -8.57363614502
2.4396914917 -2.40856687012 -9.5480762207 1.36230074463 -4.98712205811 -8.69095202637
2.43729729004 -2.38223065186 -9.41639512939 1.32159931641 -5.09246693115 -8.5209637085
2.43490308838 -2.35589443359 -9.5480762207 1.2737152832 -5.09725533447 -8.73165345459
2.48996972656 -2.40617266846 -9.61271966553 1.39342536621 -5.03740029297 -8.66701000977
2.45645090332 -2.3918074585 -9.56962403564 1.35272393799 -5.08528432617 -8.73165345459
2.48518132324 -2.43490308838 -9.56483563232 1.37906015625 -5.08049592285 -8.57603034668
2.48996972656 -2.4277204834 -9.5001921875 1.34314713135 -5.02782348633 -8.56405933838
2.43011468506 -2.37265384521 -9.58638344727 1.31920511475 -5.09964953613 -8.73404765625
2.30801040039 -2.41096107178 -9.58159504395 1.22583125 -5.11880314941 -8.68137521973
2.4995465332 -2.48039291992 -9.59117185059 1.34314713135 -5.20260020752 -8.62391437988
2.4756045166 -2.42293208008 -9.58159504395 1.31441671143 -5.06373651123 -8.57124194336
2.41335527344 -2.43490308838 -9.59117185059 1.2976572998 -5.08767852783 -8.43956085205
2.43729729004 -2.42293208008 -9.61990227051 1.41497318115 -5.07091911621 -8.6167317749
2.43250888672 -2.46123930664 -9.55765302734 1.33357032471 -5.04697709961 -8.53532891846
2.43729729004 -2.41096107178 -9.47864437256 1.34554133301 -5.09486113281 -8.56405933838
2.4516625 -2.3798364502 -9.51934580078 1.29526309814 -5.08528432617 -8.60954916992
2.44208569336 -2.43250888672 -9.560047229 1.28089788818 -5.09725533447 -8.56645354004
2.44926829834 -2.37744224854 -9.54568201904 1.34554133301 -4.92247861328 -8.50420429687
