7.20894119873 -0.102950671387 -8.03733497314 -5.61919129639 1.28329208984 -7.98705673828
7.23527741699 -0.0694318481445 -8.07803640137 -5.57848986816 1.29526309814 -7.94156690674
7.00543405762 -0.00478840332031 -7.91762489014 -5.61200869141 1.32399351807 -7.9200190918
7.0365586792 -0.0550666381836 -8.09479581299 -5.69341154785 1.20667763672 -7.82664522705
7.14190355225 -0.0335188232422 -7.99663354492 -5.74368978271 1.2737152832 -7.97508572998
6.94079061279 -0.0287304199219 -7.90086547852 -5.81312163086 1.28329208984 -7.85537564697
7.07965430908 -0.0143652099609 -7.94635531006 -5.72453616943 1.32638771973 -7.96550892334
7.32146867676 -0.0502782348633 -8.02296976318 -5.66707532959 1.2856862915 -7.91283648682
7.16584556885 -0.124498486328 -8.04691177979 -5.66946953125 1.29286889648 -8.01818135986
7.17542237549 -0.0814028564453 -7.98945093994 -5.69341154785 1.31920511475 -7.95832631836
7.14908615723 -0.0861912597656 -8.07085379639 -5.8107274292 1.24259066162 -7.87931766357
7.07007750244 -0.0814028564453 -8.06606539307 -5.62397969971 1.25695587158 -7.80749161377
6.988674646 -0.0383072265625 -7.9080480835 -5.72214196777 1.32878192139 -7.93677850342
7.07965430908 -0.0909796630859 -8.06367119141 -5.71256516113 1.29047469482 -7.93677850342
7.06528909912 -0.112527478027 -8.02296976318 -5.73411297607 1.30244570312 -7.967903125
6.9767036377 0.143652099609 -7.85537564697 -5.54975944824 1.34075292969 -7.76918438721
7.11317313232 -0.102950671387 -7.95353791504 -5.52342322998 1.22583125 -7.91523068848
7.13711514893 -0.0550666381836 -7.81706842041 -5.64073911133 1.29286889648 -7.91523068848
7.12753834229 -0.0598550415039 -8.0038161499 -5.48511600342 1.36708914795 -7.93677850342
7.11796153564 0.00718260498047 -8.18098707275 -5.74847818604 1.30483990479 -7.79312640381
6.99346304932 -0.0263362182617 -7.99423934326 -5.80354482422 1.33357032471 -7.90325968018
7.03177027588 -0.0598550415039 -8.05888278809 -5.70298835449 1.36948334961 -7.91044228516
7.10359632568 -0.031124621582 -8.04212337646 -5.61919129639 1.35032973633 -7.86734665527
7.0605006958 -0.0909796630859 -8.07324799805 -5.72453616943 1.30005150146 -7.91044228516
7.11796153564 -0.107739074707 -8.07085379639 -5.76763179932 1.33357032471 -7.91044228516
7.06289489746 -0.0383072265625 -7.97508572998 -5.65510432129 1.32159931641 -7.73566556396
6.96712683105 0.00239420166016 -8.06606539307 -5.8226984375 1.26892687988 -7.84101043701
7.02937607422 -0.0526724365234 -8.09479581299 -5.79636221924 1.35511813965 -7.93677850342
6.94079061279 0.00957680664062 -7.92959589844 -5.5282116333 1.31202250977 -7.78354959717
6.88572397461 -0.0335188232422 -8.00142194824 -5.64313331299 1.25695587158 -7.72369455566
6.98149204102 -0.0694318481445 -8.01818135986 -5.74608398437 1.35751234131 -7.9439611084
7.02219346924 -0.0143652099609 -8.00860455322 -5.73890137939 1.37427175293 -8.0038161499
6.97191523437 0.0215478149414 -7.97508572998 -5.63116230469 1.35511813965 -7.71172354736
7.01979926758 -0.0430956298828 -8.02536396484 -5.70538255615 1.36948334961 -7.71172354736
7.11317313232 -0.045489831543 -8.18816967773 -5.73890137939 1.31202250977 -7.88410606689
6.90008918457 -0.0167594116211 -8.10916102295 -5.72693037109 1.31441671143 -7.84819304199
6.90008918457 -0.0981622680664 -7.97269152832 -5.74847818604 1.20667763672 -7.80509741211
7.02937607422 -0.126892687988 -8.00860455322 -5.79636221924 1.29526309814 -7.86255825195
7.04134708252 -0.0239420166016 -7.97269152832 -5.78199700928 1.34314713135 -7.82664522705
7.0964137207 -0.0143652099609 -8.04691177979 -5.77960280762 1.41018477783 -7.86255825195
7.07965430908 -0.00718260498047 -8.20014068604 -5.72693037109 1.2976572998 -7.82185682373
7.06289489746 0.00718260498047 -8.08761320801 -5.71017095947 1.37187755127 -7.77636699219
6.92403120117 -0.0167594116211 -8.06367119141 -5.7748144043 1.34793553467 -7.74524237061
6.97430943604 -0.0861912597656 -8.20732329102 -5.77002600098 1.31202250977 -7.82425102539
7.0964137207 -0.00478840332031 -8.10437261963 -5.69819995117 1.34314713135 -7.83622203369
7.05810649414 -0.0622492431641 -8.12352623291 -5.71256516113 1.28089788818 -7.92480749512
6.94557901611 -0.100556469727 -7.98466253662 -5.76044919434 1.2617442749 -7.72608875732
6.94318481445 -0.0598550415039 -8.07803640137 -5.80833322754 1.33117612305 -7.84101043701
7.0365586792 -0.0119710083008 -8.00860455322 -5.77242020264 1.2856862915 -7.77876119385
6.84023414307 -0.0957680664062 -8.08761320801 -5.81551583252 1.08457335205 -7.86734665527
6.95036741943 -0.0143652099609 -8.16422766113 -5.85621726074 1.29286889648 -7.78354959717
7.08683691406 -0.0383072265625 -8.16662186279 -5.79636221924 1.32399351807 -7.9200190918
7.07726010742 -0.0694318481445 -8.00860455322 -5.72214196777 1.29526309814 -7.80030900879
6.94797321777 -0.0430956298828 -8.04930598145 -5.77002600098 1.35751234131 -7.80509741211
6.95036741943 0.0119710083008 -8.12113203125 -5.71735356445 1.34793553467 -7.78354959717
6.91445439453 0.126892687988 -8.2504189209 -5.82509263916 1.32399351807 -7.75242497559
6.92881960449 -0.0478840332031 -8.14507404785 -5.87537087402 1.32399351807 -7.80030900879
6.8019269165 -0.15322890625 -8.07564219971 -5.77720860596 1.35272393799 -7.69496413574
6.94079061279 -0.0718260498047 -8.07324799805 -5.80115062256 1.27132108154 -7.90325968018
7.0006456543 -0.0287304199219 -7.98226833496 -5.73650717773 1.2976572998 -7.81228001709
6.9767036377 -0.0119710083008 -8.07564219971 -5.7508723877 1.37427175293 -7.76200178223
7.06289489746 -0.0502782348633 -8.04451757812 -5.95916793213 1.41736738281 -7.92720169678
7.03895288086 -0.15562310791 -8.03733497314 -5.68383474121 1.35751234131 -7.74763657227
6.988674646 -0.0933738647461 -8.17380446777 -5.84424625244 1.2856862915 -7.81946262207
7.01022246094 0.107739074707 -7.97508572998 -5.75326658936 1.36948334961 -7.86255825195
7.07486590576 -0.0335188232422 -7.97508572998 -5.72932457275 1.32159931641 -7.7332713623
7.09880792236 -0.0861912597656 -7.91283648682 -5.80115062256 1.34554133301 -7.91523068848
7.14190355225 -0.045489831543 -7.8960770752 -5.66228692627 1.40060797119 -7.83622203369
7.23288321533 -0.126892687988 -8.25520732422 -5.7508723877 1.32399351807 -7.99902774658
7.08683691406 -0.0502782348633 -8.13549724121 -5.77002600098 1.25456166992 -7.83143363037
6.98628044434 -0.0287304199219 -8.09000740967 -5.81551583252 1.31441671143 -7.85058724365
6.97191523437 -0.112527478027 -8.08521900635 -5.71974776611 1.18273562012 -7.84819304199
7.06528909912 -0.129286889648 -8.0277581665 -5.71495936279 1.2378022583 -7.9559321167
6.95036741943 -0.119710083008 -8.11634362793 -5.70298835449 1.27850368652 -7.83622203369
7.07486590576 -0.0287304199219 -8.07085379639 -5.79157381592 1.29526309814 -7.95353791504
7.13950935059 -0.0981622680664 -7.88889447021 -5.62158549805 1.30483990479 -7.77157858887
7.0245876709 -0.3064578125 -7.85298144531 -5.59764348145 1.2497732666 -7.86255825195
7.08683691406 -0.105344873047 -8.03733497314 -5.66228692627 1.2737152832 -7.83622203369
6.92642540283 -0.0957680664062 -8.03254656982 -5.76044919434 1.26892687988 -7.78833800049
6.95036741943 -0.0957680664062 -8.11155522461 -5.86339986572 1.24259066162 -7.77636699219
7.19697019043 -0.107739074707 -7.97269152832 -5.7508723877 1.29286889648 -7.86974085693
6.93839641113 -0.117315881348 -7.9559321167 -5.69580574951 1.34554133301 -7.75003077393
7.03416447754 -0.0718260498047 -8.04930598145 -5.75805499268 1.25216746826 -7.84101043701
7.01022246094 -0.0335188232422 -8.20014068604 -5.80593902588 1.30005150146 -7.77397279053
7.19697019043 -0.0526724365234 -8.0277581665 -5.71017095947 1.31202250977 -7.87452926025
7.08923111572 -0.14604630127 -7.95832631836 -5.66228692627 1.23061965332 -7.87692346191
6.97191523437 -0.110133276367 -7.88171186523 -5.67425793457 1.30962830811 -7.9559321167
7.14669195557 -0.100556469727 -8.19535228271 -5.7987564209 1.32159931641 -7.90325968018
7.10120212402 -0.0694318481445 -8.04451757812 -5.78439121094 1.32159931641 -7.88410606689
7.01501086426 -0.0526724365234 -8.05648858643 -5.71735356445 1.25216746826 -7.7093293457
7.01501086426 -0.0622492431641 -8.07564219971 -5.7867854126 1.38145435791 -8.00142194824
7.0844427124 -0.0837970581055 -8.2384479126 -5.74129558105 1.31202250977 -7.91044228516
6.99585725098 -0.0167594116211 -8.02057556152 -5.70059415283 1.28089788818 -7.70214674072
6.98628044434 -0.112527478027 -8.03254656982 -5.85142885742 1.30483990479 -7.95114371338
7.17063397217 -0.0239420166016 -8.03733497314 -5.64313331299 1.29526309814 -7.86255825195
7.0365586792 -0.112527478027 -8.03015236816 -5.7508723877 1.29526309814 -7.84579884033
7.10120212402 -0.045489831543 -8.05888278809 -5.73650717773 1.31920511475 -7.89368287354
7.12274993896 0.00957680664062 -8.02057556152 -5.65749852295 1.37666595459 -7.80509741211
7.07965430908 0.045489831543 -8.13789144287 -5.75805499268 1.36469494629 -7.89368287354
7.1203557373 -0.0526724365234 -8.12831463623 -5.78439121094 1.33357032471 -7.95353791504
7.0485296875 -0.0550666381836 -8.01099875488 -5.69101734619 1.2856862915 -7.79791480713
6.84502254639 -0.105344873047 -7.87931766357 -5.8226984375 1.27850368652 -7.74045396729
7.10359632568 -0.076614453125 -7.99663354492 -5.68383474121 1.26653267822 -7.8960770752
7.08923111572 0.136469494629 -8.04451757812 -5.72693037109 1.37427175293 -7.79073220215
7.11796153564 0.0670376464844 -7.9918451416 -5.78199700928 1.39103116455 -7.79312640381
7.03416447754 -0.00239420166016 -8.00142194824 -5.68862314453 1.35751234131 -7.88650026855
7.15148035889 -0.0383072265625 -8.12113203125 -5.74608398437 1.31920511475 -7.84579884033
7.0724717041 -0.00239420166016 -8.0277581665 -5.76044919434 1.40060797119 -7.86734665527
6.89530078125 0.0167594116211 -8.0277581665 -5.69101734619 1.33835872803 -7.81706842041
6.94318481445 0.0502782348633 -8.00621035156 -5.79396801758 1.36948334961 -7.75960758057
7.06768330078 -0.0550666381836 -7.9319901001 -5.68622894287 1.52271225586 -7.9319901001
7.05331809082 -0.045489831543 -7.9798741333 -5.69101734619 1.34793553467 -7.81467421875
7.08683691406 -0.0981622680664 -8.2025348877 -5.82988104248 1.28089788818 -7.78594379883
6.98628044434 -0.0143652099609 -8.08521900635 -5.82509263916 1.35511813965 -7.77876119385
6.92403120117 0.138863696289 -8.05888278809 -5.72214196777 1.34793553467 -7.75003077393
6.90727178955 -0.0335188232422 -8.02057556152 -5.76523759766 1.30483990479 -7.80509741211
6.98388624268 -0.0790086547852 -8.04691177979 -5.73650717773 1.32878192139 -7.78354959717
6.95755002441 0.0478840332031 -8.02057556152 -5.7508723877 1.31920511475 -7.5896192627
6.86417615967 -0.0263362182617 -8.05409438477 -5.79636221924 1.31920511475 -7.76679018555
6.82347473145 -0.0143652099609 -8.14028564453 -5.89213028564 1.30483990479 -7.75721337891
6.84981094971 0.0167594116211 -8.03494077148 -5.76763179932 1.35751234131 -7.74284816895
6.74686027832 -0.107739074707 -8.07324799805 -5.96874473877 1.32638771973 -7.89128867187
7.04134708252 -0.126892687988 -8.16901606445 -5.86100566406 1.25456166992 -7.83861623535
6.93360800781 -0.0335188232422 -8.0277581665 -5.79157381592 1.27132108154 -7.53934102783
6.98628044434 -0.0407014282227 -8.16901606445 -5.91128389893 1.36230074463 -7.8960770752
6.98149204102 -0.0143652099609 -8.17380446777 -5.87537087402 1.35990654297 -7.967903125
7.24964262695 -0.0430956298828 -8.12113203125 -5.80354482422 1.40060797119 -7.7332713623
6.97430943604 -0.0502782348633 -8.13070883789 -5.84424625244 1.2976572998 -7.80030900879
7.01979926758 -0.0718260498047 -7.9798741333 -5.71735356445 1.33357032471 -7.68059892578
7.16105716553 -0.0718260498047 -8.04451757812 -5.74368978271 1.33596452637 -7.90086547852
7.06528909912 -0.0622492431641 -8.06845959473 -5.68144053955 1.31681091309 -7.79312640381
6.92163699951 -0.0861912597656 -8.03254656982 -5.67186373291 1.24737906494 -7.75481917725
7.0006456543 -0.045489831543 -8.00621035156 -5.67186373291 1.34793553467 -7.79552060547
7.0365586792 -0.138863696289 -8.21211169434 -5.80115062256 1.37187755127 -7.7332713623
6.96473262939 0.00478840332031 -8.15465085449 -5.89931289062 1.40779057617 -7.80030900879
7.07726010742 -0.0550666381836 -8.09958421631 -5.83945784912 1.28329208984 -7.77636699219
7.10599052734 -0.0742202514648 -8.14507404785 -5.97113894043 1.34793553467 -7.91762489014
7.31668027344 -0.112527478027 -7.9918451416 -5.76044919434 1.38145435791 -7.89368287354
7.0844427124 -0.0359130249023 -8.02057556152 -5.72932457275 1.31441671143 -7.70693514404
6.9767036377 -0.102950671387 -8.19056387939 -6.01423457031 1.29047469482 -7.967903125
7.04613548584 -0.105344873047 -8.13789144287 -5.80115062256 1.33117612305 -7.75960758057
7.07486590576 -0.0143652099609 -8.17380446777 -5.80593902588 1.2617442749 -7.721300354
6.92642540283 -0.0885854614258 -8.03494077148 -5.882553479 1.37666595459 -7.71651195068
6.99346304932 -0.031124621582 -8.09479581299 -5.82030423584 1.41018477783 -7.81467421875
6.93839641113 -0.0143652099609 -8.05648858643 -5.76044919434 1.34793553467 -7.78354959717
7.08683691406 -0.0143652099609 -8.05888278809 -5.7987564209 1.31202250977 -7.76679018555
7.0365586792 -0.0359130249023 -8.0157871582 -5.77002600098 1.39103116455 -7.75003077393
7.02937607422 -0.045489831543 -8.22168850098 -5.77242020264 1.33835872803 -7.79791480713
6.9767036377 0.00718260498047 -8.13070883789 -5.76523759766 1.34075292969 -7.82425102539
6.92642540283 -0.110133276367 -8.09479581299 -5.88015927734 1.30723410645 -7.78594379883
7.0365586792 -0.119710083008 -8.14267984619 -5.85142885742 1.24259066162 -7.93917270508
7.18978758545 -0.00239420166016 -8.214505896 -5.81791003418 1.33357032471 -7.80030900879
6.93121380615 -0.00718260498047 -7.99663354492 -5.87776507568 1.40060797119 -7.84579884033
7.0365586792 0.0574608398438 -7.97508572998 -5.65989272461 1.41018477783 -7.68059892578
7.0006456543 -0.0574608398438 -7.95832631836 -5.73411297607 1.35751234131 -7.84101043701
7.14669195557 -0.0383072265625 -8.16183345947 -5.76523759766 1.33835872803 -7.87692346191
6.9767036377 -0.136469494629 -8.19535228271 -5.87537087402 1.34793553467 -7.70693514404
7.01979926758 -0.0885854614258 -8.12352623291 -5.85142885742 1.33835872803 -7.80270321045
7.13950935059 -0.0263362182617 -8.25760152588 -5.7987564209 1.38145435791 -7.79791480713
7.0844427124 0.0263362182617 -8.08521900635 -5.69101734619 1.40779057617 -7.75721337891
7.00782825928 -0.0694318481445 -8.05888278809 -5.68622894287 1.28089788818 -7.80749161377
7.03895288086 -0.126892687988 -8.05170018311 -5.8705824707 1.28329208984 -7.89128867187
6.99346304932 -0.0550666381836 -8.01339295654 -5.68144053955 1.34075292969 -7.74763657227
6.93839641113 0.0239420166016 -8.07803640137 -5.72214196777 1.37906015625 -7.93917270508
7.05571229248 0.0478840332031 -8.04451757812 -5.79396801758 1.42694418945 -7.91283648682
7.10599052734 -0.00957680664062 -8.11873782959 -5.71735356445 1.34793553467 -7.83382783203
7.01740506592 -0.0191536132812 -8.25760152588 -5.74129558105 1.38384855957 -7.76200178223
6.97430943604 -0.00718260498047 -7.95353791504 -5.70059415283 1.2378022583 -7.74045396729
7.04134708252 -0.0909796630859 -8.0157871582 -5.77960280762 1.35272393799 -7.87931766357
7.09401951904 -0.0359130249023 -8.07803640137 -5.78439121094 1.47961662598 -7.93917270508
7.07726010742 0.0191536132812 -8.15704505615 -5.76523759766 1.4604630127 -7.75003077393
7.05571229248 -0.0574608398438 -8.09240161133 -5.85382305908 1.33835872803 -7.86495245361
7.03177027588 -0.0861912597656 -8.07085379639 -5.82030423584 1.35032973633 -7.72848295898
7.0365586792 -0.0526724365234 -8.14507404785 -5.8226984375 1.33596452637 -7.72369455566
6.90727178955 -0.0143652099609 -8.02057556152 -5.7987564209 1.40300217285 -7.68299312744
6.99825145264 -0.0550666381836 -8.09000740967 -5.78439121094 1.35032973633 -7.90325968018
6.91924279785 -0.0670376464844 -8.12352623291 -5.75805499268 1.23061965332 -7.77876119385
6.83305153809 0.0885854614258 -8.04930598145 -5.7867854126 1.39581956787 -7.6973583374
6.94557901611 -0.0119710083008 -8.24802471924 -5.85621726074 1.43891519775 -7.88410606689
6.89769498291 0.0742202514648 -8.214505896 -5.82988104248 1.35751234131 -7.721300354
6.90248338623 -0.0383072265625 -8.07085379639 -5.88973608398 1.34554133301 -7.73566556396
6.93360800781 0.0646434448242 -8.09000740967 -5.67186373291 1.40300217285 -7.67102211914
6.98628044434 -0.0359130249023 -8.2743609375 -5.92804331055 1.35032973633 -7.9200190918
6.98149204102 0.00718260498047 -8.18098707275 -5.72932457275 1.36708914795 -7.63989749756
6.85220515137 -0.14604630127 -8.08761320801 -5.86100566406 1.36708914795 -7.74045396729
7.0006456543 0.0407014282227 -8.20014068604 -5.92086070557 1.41976158447 -7.75242497559
6.87614716797 0.0191536132812 -8.23126530762 -5.82030423584 1.39342536621 -7.72608875732
6.83783994141 0.114921679688 -8.13070883789 -5.78917961426 1.42215578613 -7.69496413574
6.95755002441 0.0167594116211 -8.02057556152 -5.79636221924 1.4604630127 -7.79791480713
6.99106884766 0.00239420166016 -8.09958421631 -5.77242020264 1.40300217285 -7.74763657227
6.84023414307 -0.00239420166016 -8.12352623291 -5.67186373291 1.37427175293 -7.70693514404
6.87614716797 0.107739074707 -8.12831463623 -5.84424625244 1.48679923096 -7.77397279053
6.97909783936 0.0598550415039 -8.26717833252 -5.90170709229 1.4963760376 -7.82185682373
6.90008918457 0.00478840332031 -8.20732329102 -5.98310994873 1.45328040771 -7.90086547852
6.94318481445 0.0622492431641 -8.15465085449 -5.73411297607 1.44130939941 -7.57046564941
6.89290657959 0.107739074707 -8.11873782959 -5.78439121094 1.45328040771 -7.71651195068
7.0365586792 0.105344873047 -7.98226833496 -5.88734188232 1.48679923096 -7.6734163208
6.78037910156 0.076614453125 -8.03733497314 -5.83706364746 1.48919343262 -7.75242497559
6.94797321777 0.00478840332031 -8.11634362793 -5.85621726074 1.40779057617 -7.6853873291
6.94318481445 0.0335188232422 -8.41322463379 -5.96156213379 1.43412679443 -7.71172354736
6.94079061279 0.143652099609 -8.08043060303 -5.71735356445 1.67354696045 -7.63271489258
6.98388624268 0.0598550415039 -8.04451757812 -5.86100566406 1.66157595215 -7.76439598389
7.11317313232 0.0861912597656 -8.06845959473 -5.73411297607 1.44849200439 -7.72608875732
6.97430943604 0.0 -8.07085379639 -5.76763179932 1.48201082764 -7.81706842041
6.95276162109 0.0622492431641 -8.11634362793 -5.76523759766 1.47722242432 -7.6255322876
6.94318481445 0.0287304199219 -8.22887110596 -5.80593902588 1.48201082764 -7.6853873291
6.98388624268 -0.00239420166016 -8.21929429932 -5.93522591553 1.42933839111 -7.78833800049
6.92642540283 0.0622492431641 -8.06127698975 -5.90410129395 1.45328040771 -7.70693514404
7.02698187256 0.0215478149414 -8.12831463623 -5.8586114624 1.45806881104 -7.69017573242
7.11796153564 0.14844050293 -8.09958421631 -5.77002600098 1.5083470459 -7.74524237061
6.82826313477 0.0670376464844 -8.09719001465 -5.81551583252 1.48679923096 -7.64708010254
6.79235010986 0.031124621582 -8.08761320801 -5.91367810059 1.48679923096 -7.66623371582
6.83783994141 -0.0119710083008 -8.28872614746 -5.93522591553 1.45328040771 -7.77636699219
6.88332977295 0.0550666381836 -8.15465085449 -5.82748684082 1.4844050293 -7.68778153076
6.82347473145 0.0598550415039 -8.19056387939 -5.92325490723 1.50355864258 -7.6973583374
6.90248338623 -0.0119710083008 -8.16422766113 -5.97113894043 1.41257897949 -7.7093293457
6.83783994141 0.117315881348 -8.15943925781 -5.67904633789 1.48679923096 -7.721300354
6.83783994141 0.0646434448242 -8.09719001465 -6.00465776367 1.67594116211 -7.79312640381
6.86657036133 0.126892687988 -8.13070883789 -5.8107274292 1.4963760376 -7.61595548096
6.77559069824 0.0407014282227 -8.17859287109 -5.87776507568 1.52510645752 -7.69496413574
6.8019269165 0.0646434448242 -8.2384479126 -5.91128389893 1.47003981934 -7.69017573242
7.00782825928 0.117315881348 -8.20971749268 -5.91367810059 1.55862528076 -7.75481917725
7.04613548584 0.0694318481445 -8.26957253418 -5.75326658936 1.42933839111 -7.6734163208
6.88093557129 0.0646434448242 -8.16662186279 -5.81312163086 1.51552965088 -7.78594379883
6.85938775635 0.0861912597656 -8.01099875488 -5.90410129395 1.57777889404 -7.75960758057
6.96712683105 0.0598550415039 -8.38928261719 -5.94480272217 1.50595284424 -7.68059892578
6.84023414307 0.117315881348 -8.14028564453 -5.89213028564 1.38624276123 -7.60637867432
6.80671531982 0.14604630127 -8.06606539307 -5.82748684082 1.58735570068 -7.68059892578
6.94079061279 0.0407014282227 -8.2863319458 -5.8466404541 1.43173259277 -7.70693514404
6.78756170654 0.0550666381836 -8.2264769043 -5.92804331055 1.43891519775 -7.66623371582
6.93600220947 0.0526724365234 -8.15943925781 -5.99747515869 1.51552965088 -7.75242497559
7.04374128418 0.105344873047 -8.12113203125 -5.83945784912 1.38863696289 -7.6734163208
7.10599052734 0.0574608398438 -8.21690009766 -5.79157381592 1.5442600708 -7.76200178223
7.01501086426 0.0861912597656 -8.09719001465 -5.89213028564 1.48679923096 -7.65186850586
6.80432111816 0.0550666381836 -8.21211169434 -5.96635053711 1.47003981934 -7.61834968262
6.91684859619 0.0622492431641 -8.30069715576 -5.95437952881 1.4844050293 -7.76200178223
6.91206019287 0.131681091309 -8.14986245117 -5.8586114624 1.48919343262 -7.53455262451
6.79474431152 0.129286889648 -8.16901606445 -5.93522591553 1.60172091064 -7.69017573242
6.94797321777 0.114921679688 -8.18816967773 -5.83227524414 1.57777889404 -7.6973583374
6.83544573975 0.0718260498047 -8.03254656982 -5.77720860596 1.52271225586 -7.68778153076
6.77319649658 0.0407014282227 -8.02296976318 -5.87776507568 1.48201082764 -7.58004245605
6.88811817627 0.0981622680664 -8.22887110596 -5.92804331055 1.67594116211 -7.68059892578
7.0365586792 0.177170922852 -8.30787976074 -5.91128389893 1.52750065918 -7.71890615234
6.79474431152 0.0885854614258 -7.98466253662 -5.82509263916 1.54186586914 -7.53934102783
6.93360800781 0.100556469727 -8.23365950928 -5.86579406738 1.52510645752 -7.69017573242
6.84502254639 0.131681091309 -8.42519564209 -5.90888969727 1.51074124756 -7.57046564941
6.74686027832 0.134075292969 -8.214505896 -6.11000263672 1.5442600708 -7.75242497559
6.87135876465 0.131681091309 -8.17380446777 -5.8586114624 1.58256729736 -7.78594379883
6.86657036133 0.0263362182617 -8.14028564453 -5.87537087402 1.54665427246 -7.63271489258
6.86178195801 0.15562310791 -8.21690009766 -5.94001431885 1.68312376709 -7.6614453125
6.90008918457 0.129286889648 -8.21690009766 -5.8705824707 1.592144104 -7.6255322876
6.74925447998 0.167594116211 -8.13789144287 -5.81791003418 1.63284553223 -7.53694682617
6.89290657959 0.102950671387 -8.16662186279 -5.93762011719 1.4844050293 -7.60877287598
6.76361968994 0.15801730957 -8.08761320801 -5.92804331055 1.53707746582 -7.59680186768
6.94557901611 0.138863696289 -8.24563051758 -5.92325490723 1.56580788574 -7.60398447266
6.82586893311 0.119710083008 -8.27675513916 -5.98071574707 1.54186586914 -7.6853873291
6.84502254639 0.14844050293 -8.42519564209 -5.92086070557 1.52510645752 -7.6614453125
6.81629212646 0.292092602539 -8.22408270264 -6.0812722168 1.5562310791 -7.67581052246
6.94079061279 0.181959326172 -8.18577547607 -5.90410129395 1.59453830566 -7.70454094238
6.82826313477 0.0670376464844 -8.24563051758 -5.90170709229 1.51792385254 -7.601590271
6.81868632812 0.15562310791 -8.21211169434 -6.01423457031 1.59932670898 -7.58004245605
6.84023414307 0.0790086547852 -8.23605371094 -6.01662877197 1.40060797119 -7.6375032959
6.89530078125 0.225054956055 -8.13310303955 -5.95437952881 1.62087452393 -7.57525405273
7.00543405762 0.181959326172 -8.2863319458 -5.88494768066 1.67594116211 -7.77157858887
7.04374128418 0.131681091309 -8.19295808105 -5.98310994873 1.70945998535 -7.601590271
6.98388624268 0.229843359375 -8.22408270264 -5.8945244873 1.70467158203 -7.69496413574
6.77559069824 0.203507141113 -8.2623899292 -5.84185205078 1.57059628906 -7.52497581787
6.84023414307 0.105344873047 -8.3222449707 -6.21295330811 1.58496149902 -7.52976422119
6.93839641113 0.169988317871 -8.24563051758 -6.11479104004 1.68312376709 -7.67102211914
6.90008918457 0.208295544434 -8.11155522461 -5.70298835449 1.71424838867 -7.62792648926
6.91684859619 0.0742202514648 -8.18098707275 -5.83945784912 1.59453830566 -7.6375032959
6.7301008667 0.181959326172 -8.01339295654 -5.85382305908 1.64002813721 -7.37414111328
6.83544573975 0.0861912597656 -8.26717833252 -6.05493599854 1.57059628906 -7.70454094238
7.04613548584 0.225054956055 -8.2623899292 -5.98071574707 1.82198746338 -7.48666859131
6.87135876465 0.177170922852 -8.21690009766 -5.88015927734 1.63763393555 -7.56807144775
6.75883128662 0.179565124512 -8.22408270264 -5.882553479 1.8267758667 -7.6973583374
6.76361968994 0.0957680664062 -8.0157871582 -5.86579406738 1.62566292725 -7.63989749756
6.84741674805 0.114921679688 -8.12113203125 -5.85621726074 1.58496149902 -7.61116707764
6.82586893311 0.213083947754 -8.23605371094 -5.82030423584 1.57777889404 -7.50582220459
6.67503422852 0.184353527832 -8.27196673584 -6.03578238525 1.65918175049 -7.55131203613
6.66785162354 0.239420166016 -8.27196673584 -5.97592734375 1.65918175049 -7.75481917725
6.80910952148 0.124498486328 -8.2863319458 -5.92086070557 1.6041151123 -7.57046564941
6.82586893311 0.167594116211 -8.27914934082 -5.99268675537 1.6041151123 -7.63032069092
6.83544573975 0.296881005859 -8.11634362793 -5.8945244873 1.61608612061 -7.61834968262
6.94079061279 0.117315881348 -8.32463917236 -6.01184036865 1.57777889404 -7.6255322876
6.90727178955 0.114921679688 -8.22887110596 -6.00226356201 1.63045133057 -7.59919606934
6.96712683105 0.134075292969 -8.2623899292 -6.01662877197 1.62326872559 -7.58004245605
6.84262834473 0.260967980957 -8.20492908936 -5.94001431885 1.62566292725 -7.50103380127
6.73728347168 0.0670376464844 -8.20732329102 -6.07648381348 1.64242233887 -7.80749161377
6.86417615967 0.172382519531 -8.19295808105 -5.90888969727 1.5442600708 -7.62792648926
7.02937607422 0.14604630127 -8.21929429932 -5.80833322754 1.58974990234 -7.53694682617
6.79474431152 0.0742202514648 -8.2743609375 -6.00226356201 1.57299049072 -7.66623371582
6.88093557129 0.16041151123 -8.21211169434 -5.92804331055 1.64960494385 -7.60637867432
6.73967767334 0.191536132812 -8.23605371094 -6.02381137695 1.61608612061 -7.51539901123
6.72291826172 0.184353527832 -8.34858118896 -5.98310994873 1.59453830566 -7.62074388428
6.82826313477 0.114921679688 -8.18098707275 -5.93522591553 1.65439334717 -7.6135612793
6.89769498291 0.167594116211 -8.17141026611 -5.95916793213 1.64002813721 -7.54173522949
6.87854136963 0.208295544434 -8.23365950928 -5.87297667236 1.83635267334 -7.63989749756
6.97430943604 0.16041151123 -8.24802471924 -5.88494768066 1.5322890625 -7.68778153076
6.91924279785 0.124498486328 -8.17380446777 -5.91367810059 1.63763393555 -7.58004245605
6.60799658203 0.184353527832 -8.19535228271 -5.94480272217 1.59693250732 -7.36217010498
6.71334145508 0.0933738647461 -8.17380446777 -6.07408961182 1.65439334717 -7.69496413574
6.71334145508 0.112527478027 -8.23126530762 -6.1171852417 1.57059628906 -7.51300480957
6.68700523682 0.117315881348 -8.13789144287 -5.94001431885 1.592144104 -7.53215842285
6.7061588501 0.15083470459 -8.2384479126 -5.98550415039 1.65678754883 -7.52258161621
6.75643708496 0.15322890625 -8.08521900635 -5.95677373047 1.65678754883 -7.47948598633
6.73728347168 0.0837970581055 -8.34139858398 -6.14830986328 1.55383687744 -7.66623371582
6.84741674805 0.179565124512 -8.30548555908 -6.14352145996 1.82438166504 -7.59680186768
6.75164868164 0.203507141113 -8.2264769043 -5.98789835205 1.64002813721 -7.42441934814
6.78037910156 0.0191536132812 -8.2264769043 -6.03099398193 1.82198746338 -7.57525405273
6.82108052979 0.114921679688 -8.40843623047 -5.96395633545 1.68312376709 -7.63032069092
6.72291826172 0.124498486328 -8.13549724121 -5.90410129395 1.67833536377 -7.55849464111
6.70855305176 0.117315881348 -8.24084211426 -6.05972440186 1.5682020874 -7.50342800293
6.8019269165 0.184353527832 -8.42280144043 -6.03099398193 1.63045133057 -7.51779321289
6.85938775635 0.174776721191 -8.23365950928 -6.00465776367 1.67833536377 -7.51779321289
6.86178195801 0.186747729492 -8.32463917236 -5.98071574707 1.69748897705 -7.5896192627
6.74686027832 0.227449157715 -8.27914934082 -6.01662877197 1.55144267578 -7.57525405273
6.74686027832 0.215478149414 -8.09240161133 -5.95198532715 1.78846864014 -7.50821640625
6.84023414307 0.201112939453 -8.16422766113 -6.01423457031 1.68312376709 -7.52497581787
7.04134708252 0.134075292969 -8.20492908936 -5.95677373047 1.77649763184 -7.63989749756
6.80910952148 0.270544787598 -8.31266816406 -5.97113894043 1.73100780029 -7.44596716309
6.56729515381 0.215478149414 -8.21929429932 -6.08606062012 1.69748897705 -7.45314976807
6.66545742187 0.213083947754 -8.34858118896 -6.09563742676 1.56341368408 -7.45793817139
6.65109221191 0.232237561035 -8.40843623047 -6.14591566162 1.74537301025 -7.57285985107
6.79235010986 0.0814028564453 -8.31266816406 -6.03578238525 1.81959326172 -7.52737001953
6.78756170654 0.30885201416 -8.47786807861 -6.07169541016 1.72143099365 -7.65426270752
6.73967767334 0.263362182617 -8.42040723877 -6.14830986328 1.74297880859 -7.48427438965
6.52659372559 0.294486804199 -8.46589707031 -6.16746347656 1.71903679199 -7.32146867676
6.56011254883 0.189141931152 -8.50181009521 -6.24168372803 1.73819040527 -7.60398447266
6.64869801025 0.174776721191 -8.2983029541 -6.11479104004 1.57299049072 -7.46990917969
6.58166036377 0.213083947754 -8.37252320557 -6.09084902344 1.72382519531 -7.57046564941
6.65827481689 0.328005627441 -8.43237824707 -6.02620557861 1.80043964844 -7.51061060791
6.64151540527 0.287304199219 -8.20014068604 -5.96156213379 1.78368023682 -7.54891783447
6.63912120361 0.213083947754 -8.30069715576 -6.04057078857 1.67354696045 -7.41963094482
