4.07971962891 1.5801730957 -9.63187327881 -6.95276162109 5.06373651123 -4.15633408203
4.00549937744 1.50355864258 -9.56722983398 -6.97909783936 5.12837995605 -4.22576593018
4.13239206543 1.50116444092 -9.59835445557 -6.95276162109 5.15232197266 -4.01268198242
4.15154567871 1.5562310791 -9.59835445557 -6.98388624268 5.14513936768 -4.23773693848
4.13957467041 1.472434021 -9.64145008545 -7.02698187256 5.06373651123 -4.26167895508
3.81156904297 1.53947166748 -9.7587659668 -7.04374128418 5.19541760254 -4.16830509033
4.02225878906 1.57299049072 -9.51455739746 -6.87614716797 5.18105239258 -4.03422979736
3.9719805542 1.67833536377 -9.62947907715 -6.97430943604 5.13556256104 -4.13957467041
3.95522114258 1.53947166748 -9.64623848877 -7.04134708252 5.13077415771 -4.16830509033
3.93846173096 1.52271225586 -9.66299790039 -7.0365586792 5.06134230957 -4.09887324219
4.11323845215 1.47482822266 -9.55286462402 -6.96712683105 5.17865819092 -4.13957467041
3.92649072266 1.49877023926 -9.59117185059 -7.02219346924 5.04697709961 -4.22816013184
4.08690223389 1.5562310791 -9.64623848877 -6.93360800781 5.1738697876 -4.12999786377
3.98873996582 1.54186586914 -9.58638344727 -6.98628044434 5.16668718262 -4.20661231689
4.09647904053 1.38145435791 -9.63187327881 -6.93600220947 5.16429298096 -4.12520946045
4.02225878906 1.49877023926 -9.62469067383 -7.04134708252 5.08528432617 -4.09887324219
4.05098920898 1.52510645752 -9.80186159668 -7.0485296875 5.11880314941 -4.15154567871
4.17069929199 1.54665427246 -9.64384428711 -7.0006456543 5.1618987793 -3.99352836914
3.99831677246 1.53468326416 -9.63187327881 -6.988674646 5.15471617432 -4.03901820068
4.09169063721 1.68072956543 -9.57441243896 -7.00543405762 5.12359155273 -4.09887324219
4.14915147705 1.592144104 -9.56483563232 -6.99585725098 5.16668718262 -4.16591088867
4.00310517578 1.51792385254 -9.5480762207 -6.97191523437 5.19062919922 -4.06535441895
4.12999786377 1.53947166748 -9.60793126221 -7.0006456543 5.04697709961 -4.00310517578
4.18267030029 1.58735570068 -9.51934580078 -6.90487758789 5.15471617432 -4.10126744385
4.04859500732 1.51552965088 -9.64863269043 -7.01501086426 5.1738697876 -3.98634576416
4.28083256836 1.56341368408 -9.55525882568 -7.00303985596 5.14513936768 -4.10126744385
4.11084425049 1.40300217285 -9.59596025391 -7.06528909912 5.14753356934 -4.15633408203
4.20421811523 1.55383687744 -9.55286462402 -7.01740506592 5.19302340088 -4.13718046875
4.07014282227 1.5801730957 -9.53131680908 -7.03177027588 5.10683214111 -4.04620080566
4.03422979736 1.49398183594 -9.61271966553 -7.01979926758 5.03740029297 -4.17309349365
4.22097752686 1.58256729736 -9.53849941406 -6.95276162109 5.12119735107 -4.22337172852
4.18027609863 1.59932670898 -9.55765302734 -6.94318481445 5.16429298096 -4.13239206543
4.11563265381 1.55144267578 -9.58877764893 -6.93839641113 5.19541760254 -4.25689055176
4.15393988037 1.57538469238 -9.63187327881 -7.03895288086 5.149927771 -4.08211383057
4.25210214844 1.5682020874 -9.63187327881 -6.93360800781 5.19062919922 -4.28801517334
4.043806604 1.5562310791 -9.5720182373 -7.0844427124 5.08528432617 -4.2185833252
4.16351668701 1.56580788574 -9.52174000244 -7.04134708252 5.06373651123 -4.12042105713
4.24491954346 1.66636435547 -9.54568201904 -6.94079061279 5.13316835937 -4.15154567871
3.95522114258 1.48919343262 -9.61990227051 -7.07726010742 5.04218869629 -4.25928475342
4.12760366211 1.52750065918 -9.53849941406 -7.03177027588 5.04937130127 -4.14436307373
4.19224710693 1.53707746582 -9.50976899414 -7.02219346924 5.12359155273 -4.19464130859
4.08211383057 1.56101948242 -9.57441243896 -7.06528909912 5.20738861084 -4.12042105713
4.18267030029 1.5322890625 -9.560047229 -7.02219346924 5.10922634277 -4.17788189697
4.22097752686 1.54665427246 -9.56962403564 -7.00303985596 5.08049592285 -4.19703551025
4.02704719238 1.40300217285 -9.60793126221 -7.00303985596 5.01824667969 -4.11802685547
4.12281525879 1.5562310791 -9.59356605225 -7.01501086426 5.08767852783 -4.13478626709
4.13239206543 1.60890351563 -9.60074865723 -7.08204851074 5.07570751953 -4.16591088867
4.22816013184 1.67833536377 -9.34935748291 -6.99585725098 5.12119735107 -4.16112248535
4.16112248535 1.54665427246 -9.53849941406 -6.97430943604 5.07810172119 -4.19942971191
4.2185833252 1.55144267578 -9.50258638916 -6.94318481445 5.10443793945 -4.18985290527
4.00310517578 1.68072956543 -9.61511386719 -7.01740506592 5.07810172119 -4.14915147705
4.18745870361 1.5801730957 -9.54089361572 -7.18499918213 5.07091911621 -4.15154567871
4.19464130859 1.46525141602 -9.57441243896 -6.99346304932 5.07810172119 -4.21618912354
4.21140072021 1.60650931396 -9.52652840576 -7.00782825928 5.06373651123 -4.17069929199
4.17788189697 1.592144104 -9.55765302734 -6.9767036377 4.93444962158 -4.02225878906
3.99352836914 1.49398183594 -9.49540378418 -6.99825145264 5.06373651123 -4.23534273682
4.17548769531 1.61369191895 -9.5720182373 -6.90966599121 5.07331331787 -4.14915147705
4.21140072021 1.52271225586 -9.56244143066 -6.97430943604 5.09725533447 -4.18985290527
4.17788189697 1.53468326416 -9.36611689453 -7.0006456543 5.10443793945 -4.26167895508
4.24013114014 1.62087452393 -9.56244143066 -7.07007750244 5.06852491455 -4.17548769531
4.18745870361 1.53707746582 -9.45470235596 -7.06768330078 5.09486113281 -4.16112248535
4.22576593018 1.37906015625 -9.560047229 -7.01979926758 5.19541760254 -4.20900651855
4.18985290527 1.57299049072 -9.52892260742 -7.03416447754 5.07091911621 -4.14436307373
4.21618912354 1.45806881104 -9.49540378418 -6.97430943604 5.11640894775 -4.19464130859
4.20421811523 1.55144267578 -9.59356605225 -6.97430943604 5.07810172119 -4.290409375
4.21618912354 1.67115275879 -9.59596025391 -6.97430943604 5.03979449463 -4.19224710693
4.22816013184 1.58974990234 -9.36851109619 -6.98628044434 5.07331331787 -4.14436307373
4.20661231689 1.57777889404 -9.54328781738 -7.01740506592 5.09007272949 -4.19942971191
4.13718046875 1.55144267578 -9.53371101074 -7.0245876709 5.12359155273 -4.14436307373
4.15393988037 1.52989486084 -9.58398924561 -7.06528909912 4.98712205811 -4.28801517334
4.24013114014 1.53707746582 -9.43794294434 -6.99585725098 5.10683214111 -4.22816013184
4.26886156006 1.5682020874 -9.52892260742 -7.00303985596 5.12359155273 -4.20661231689
4.18027609863 1.39581956787 -9.55286462402 -7.0365586792 5.06613071289 -4.25210214844
4.29280357666 1.57299049072 -9.63187327881 -7.00782825928 5.06373651123 -4.24013114014
4.26886156006 1.55383687744 -9.50737479248 -6.96712683105 5.08289012451 -4.22816013184
4.2664673584 1.52750065918 -9.5480762207 -6.93839641113 5.09964953613 -4.20182391357
4.20421811523 1.39581956787 -9.55286462402 -7.02698187256 5.04697709961 -4.22576593018
4.28801517334 1.55862528076 -9.49779798584 -6.97909783936 5.06852491455 -4.20182391357
4.25210214844 1.59693250732 -9.51695159912 -7.0006456543 5.10443793945 -4.17069929199
4.24491954346 1.38145435791 -9.53371101074 -6.97909783936 5.10204373779 -4.18267030029
4.22816013184 1.51792385254 -9.5361052124 -7.04134708252 5.11640894775 -4.13478626709
4.24491954346 1.68312376709 -9.37329949951 -6.99346304932 5.07331331787 -4.2305543335
4.41969626465 1.58735570068 -9.48582697754 -6.96952103271 5.09725533447 -4.23534273682
4.26167895508 1.50355864258 -9.53131680908 -7.05810649414 5.09964953613 -4.26407315674
4.22576593018 1.53947166748 -9.54568201904 -7.0485296875 5.08049592285 -4.24491954346
4.26167895508 1.54665427246 -9.5361052124 -6.99585725098 5.10443793945 -4.13239206543
4.2305543335 1.55144267578 -9.58159504395 -7.00543405762 5.08528432617 -4.19464130859
4.2664673584 1.57299049072 -9.53849941406 -6.96712683105 5.09246693115 -4.18027609863
4.19942971191 1.53947166748 -9.51455739746 -7.18739338379 4.90811340332 -4.15393988037
4.27125576172 1.56341368408 -9.47864437256 -7.04613548584 5.03740029297 -4.14675727539
4.2425253418 1.53707746582 -9.53849941406 -6.98149204102 5.02782348633 -4.24731374512
4.2425253418 1.5682020874 -9.54328781738 -7.01022246094 5.04697709961 -4.28801517334
4.2664673584 1.54665427246 -9.53131680908 -7.01022246094 5.08528432617 -4.17309349365
4.23773693848 1.57059628906 -9.51455739746 -7.02219346924 5.04697709961 -4.28083256836
4.2664673584 1.56580788574 -9.52174000244 -7.01979926758 5.10443793945 -4.0198645874
4.28562097168 1.52989486084 -9.56962403564 -7.00303985596 5.05655390625 -4.12999786377
4.25210214844 1.55383687744 -9.56722983398 -7.01979926758 5.1858407959 -4.18745870361
4.32153399658 1.54904847412 -9.54089361572 -7.03895288086 5.09486113281 -4.20661231689
4.2664673584 1.56101948242 -9.5480762207 -7.05571229248 5.06373651123 -4.22337172852
4.30956298828 1.62566292725 -9.58638344727 -6.99825145264 5.09007272949 -4.39575424805
4.2664673584 1.58974990234 -9.49300958252 -7.03416447754 5.04218869629 -4.290409375
4.28083256836 1.5682020874 -9.50976899414 -7.01740506592 5.04697709961 -4.19464130859
4.30477458496 1.52989486084 -9.5241342041 -6.99585725098 5.05655390625 -4.13957467041
4.28083256836 1.6041151123 -9.36132849121 -7.04134708252 5.02303508301 -4.23773693848
4.3382934082 1.5562310791 -9.49540378418 -7.00782825928 5.09486113281 -4.17069929199
4.15393988037 1.57777889404 -9.53131680908 -7.0006456543 5.06134230957 -4.23773693848
4.3143513916 1.53947166748 -9.55047042236 -7.0365586792 4.903325 -4.2185833252
4.29280357666 1.58496149902 -9.47146176758 -7.01022246094 5.04697709961 -4.24731374512
4.37660063477 1.57538469238 -9.49061538086 -7.01740506592 5.09007272949 -4.15154567871
4.38857164307 1.52510645752 -9.50737479248 -6.96473262939 5.08767852783 -4.24970794678
4.43645567627 1.54665427246 -9.48343277588 -7.01979926758 5.07091911621 -4.20900651855
4.34308181152 1.55144267578 -9.48343277588 -6.99585725098 5.05176550293 -4.20182391357
4.36702382812 1.58496149902 -9.52652840576 -7.0006456543 5.05415970459 -4.25689055176
4.35984122314 1.5682020874 -9.50737479248 -7.0365586792 5.06613071289 -4.20900651855
4.29998618164 1.68072956543 -9.46906756592 -7.0245876709 5.05415970459 -4.22576593018
4.33350500488 1.56101948242 -9.51455739746 -7.01979926758 5.1978118042 -4.21618912354
4.32153399658 1.5442600708 -9.4283661377 -6.95276162109 4.94402642822 -4.12520946045
4.29998618164 1.51792385254 -9.65342109375 -7.0485296875 4.96557424316 -4.24731374512
4.28083256836 1.55862528076 -9.49061538086 -7.03177027588 5.06134230957 -4.28322677002
4.30477458496 1.50355864258 -9.45470235596 -7.0485296875 5.18823499756 -4.20182391357
4.3143513916 1.53947166748 -9.47146176758 -7.05092388916 5.03500609131 -4.2425253418
4.30716878662 1.54186586914 -9.45709655762 -6.99346304932 5.06134230957 -4.14675727539
4.34068760986 1.5801730957 -9.48343277588 -6.9767036377 5.05894810791 -4.23294853516
4.36941802979 1.68312376709 -9.35175168457 -7.0126166626 5.07570751953 -4.23534273682
4.32392819824 1.5083470459 -9.5121631958 -7.04374128418 5.04218869629 -4.18027609863
4.33350500488 1.49877023926 -9.4882211792 -6.90008918457 5.02303508301 -4.19224710693
4.40054265137 1.5562310791 -9.4882211792 -6.95994422607 5.08528432617 -4.17309349365
4.32153399658 1.60650931396 -9.47864437256 -7.01979926758 5.06373651123 -4.26886156006
4.39575424805 1.53947166748 -9.52174000244 -7.0126166626 5.06852491455 -4.23534273682
4.33350500488 1.57538469238 -9.47385596924 -7.01501086426 5.10922634277 -4.19942971191
4.35265861816 1.51792385254 -9.43076033936 -7.06768330078 5.07091911621 -4.23294853516
4.34308181152 1.56580788574 -9.5001921875 -7.02937607422 5.02782348633 -4.43645567627
4.37420643311 1.56580788574 -9.5720182373 -6.99106884766 5.07091911621 -4.29519777832
4.39814844971 1.57538469238 -9.55525882568 -6.99825145264 5.04937130127 -4.18506450195
4.37660063477 1.57299049072 -9.52174000244 -7.05331809082 5.03021768799 -4.22097752686
4.34787021484 1.53707746582 -9.45709655762 -7.02219346924 5.08767852783 -4.25689055176
4.3382934082 1.55383687744 -9.4642791626 -6.99346304932 4.93444962158 -4.20182391357
4.38138903809 1.58974990234 -9.45949075928 -6.94318481445 5.20738861084 -4.19464130859
4.39575424805 1.55383687744 -9.61511386719 -6.98388624268 5.19062919922 -4.26167895508
4.31913979492 1.5322890625 -9.47146176758 -6.98149204102 5.01585247803 -4.25210214844
4.41730206299 1.59932670898 -9.48582697754 -7.01979926758 5.04458289795 -4.19942971191
4.39814844971 1.59693250732 -9.46667336426 -7.01740506592 5.10443793945 -4.15154567871
4.35984122314 1.53468326416 -9.51934580078 -7.05092388916 4.95839163818 -4.23294853516
4.33111080322 1.54186586914 -9.52652840576 -7.01022246094 5.04218869629 -4.26886156006
4.38378323975 1.56580788574 -9.52892260742 -6.98388624268 5.08289012451 -4.17788189697
4.34308181152 1.49158763428 -9.48343277588 -6.95994422607 5.01824667969 -4.15154567871
4.3263223999 1.5562310791 -9.4283661377 -6.9767036377 5.07091911621 -4.20900651855
4.29759197998 1.60172091064 -9.46667336426 -7.07007750244 5.06852491455 -4.2544963501
4.35505281982 1.39342536621 -9.46906756592 -7.01022246094 5.05176550293 -4.20421811523
4.33350500488 1.54186586914 -9.56962403564 -7.0006456543 5.03740029297 -4.19942971191
4.29759197998 1.57538469238 -9.56244143066 -7.0006456543 5.02782348633 -4.08690223389
4.29280357666 1.51074124756 -9.57680664062 -7.00303985596 5.03500609131 -4.15633408203
4.35984122314 1.55383687744 -9.61990227051 -7.03895288086 5.03261188965 -4.20421811523
4.39096584473 1.54904847412 -9.52892260742 -7.00543405762 5.02064088135 -4.21618912354
4.33589920654 1.50355864258 -9.43554874268 -7.02698187256 5.02303508301 -4.20421811523
4.34787021484 1.56580788574 -9.54568201904 -7.02698187256 5.06373651123 -4.13957467041
4.32153399658 1.57538469238 -9.65342109375 -7.0964137207 5.02064088135 -4.18985290527
4.38617744141 1.51792385254 -9.46188496094 -7.0245876709 5.08767852783 -4.17309349365
4.47715710449 1.59453830566 -9.51695159912 -6.988674646 5.11401474609 -4.25210214844
4.42448466797 1.58496149902 -9.44512554932 -6.90487758789 5.05655390625 -4.19224710693
4.35265861816 1.5322890625 -9.42597193604 -7.02219346924 5.08528432617 -4.13957467041
4.44124407959 1.56341368408 -9.46188496094 -6.99585725098 5.20499440918 -4.25689055176
4.40293685303 1.53707746582 -9.4642791626 -6.98388624268 5.03021768799 -4.19703551025
4.40772525635 1.56580788574 -9.47385596924 -6.99106884766 5.1858407959 -4.2425253418
4.40293685303 1.5203180542 -9.44751975098 -7.00303985596 5.08767852783 -4.2784383667
4.37660063477 1.55383687744 -9.45709655762 -7.0006456543 5.06373651123 -4.23773693848
4.35744702148 1.57777889404 -9.4642791626 -7.01740506592 5.01824667969 -4.11802685547
4.38138903809 1.47961662598 -9.45949075928 -7.0126166626 5.10443793945 -4.22816013184
4.43166727295 1.5322890625 -9.4882211792 -6.98628044434 5.00388146973 -4.28322677002
4.39575424805 1.5801730957 -9.52652840576 -7.01979926758 4.97993945312 -4.25928475342
4.3622354248 1.53707746582 -9.44273134766 -6.988674646 4.92966121826 -4.26167895508
4.36702382812 1.67833536377 -9.38048210449 -7.0006456543 5.00627567139 -4.3502644165
4.53222374268 1.59932670898 -9.38287630615 -6.97191523437 5.03740029297 -4.17548769531
4.31674559326 1.55383687744 -9.45949075928 -7.05092388916 5.04218869629 -4.31674559326
4.290409375 1.57299049072 -9.53849941406 -7.01022246094 5.01824667969 -4.16591088867
4.24731374512 1.5442600708 -9.4762501709 -6.94318481445 4.96557424316 -4.290409375
4.45800349121 1.54904847412 -9.46906756592 -6.95036741943 5.12598575439 -4.25928475342
4.35984122314 1.57538469238 -9.560047229 -7.04613548584 5.18823499756 -4.2425253418
4.38857164307 1.53947166748 -9.40442412109 -7.05571229248 5.15471617432 -4.19224710693
4.34787021484 1.39103116455 -9.5121631958 -7.07007750244 5.07331331787 -4.20182391357
4.32153399658 1.54665427246 -9.5241342041 -6.90727178955 5.11880314941 -4.27364996338
4.47236870117 1.5801730957 -9.37329949951 -6.99346304932 5.13556256104 -4.39814844971
4.51546433105 1.60650931396 -9.4523081543 -6.99585725098 5.10443793945 -4.3263223999
4.56334836426 1.60172091064 -9.40442412109 -6.99346304932 5.09486113281 -4.13957467041
4.51067592773 1.56101948242 -9.49061538086 -6.988674646 5.09486113281 -4.32871660156
4.42209046631 1.64481654053 -9.44991395264 -7.03895288086 5.04218869629 -4.25210214844
4.6208092041 1.62326872559 -9.37569370117 -7.0126166626 5.14753356934 -4.2784383667
4.29759197998 1.49398183594 -9.45949075928 -7.17542237549 5.07810172119 -4.32871660156
4.44603248291 1.592144104 -9.40921252441 -7.05810649414 5.06134230957 -4.01507618408
4.46279189453 1.5322890625 -9.38527050781 -7.00543405762 5.12359155273 -4.19464130859
4.52982954102 1.56580788574 -9.40681832275 -7.19457598877 5.11880314941 -4.32871660156
4.43645567627 1.64721074219 -9.46906756592 -7.03177027588 5.06134230957 -4.22097752686
4.45800349121 1.50595284424 -9.51934580078 -7.01740506592 5.01585247803 -4.290409375
4.45082088623 1.50595284424 -9.44512554932 -7.0126166626 4.9152960083 -4.39814844971
4.46997449951 1.5801730957 -9.4523081543 -6.97430943604 5.04937130127 -4.23294853516
4.36941802979 1.55383687744 -9.37090529785 -7.00303985596 5.00388146973 -4.25210214844
4.46997449951 1.59932670898 -9.42357773437 -6.94079061279 5.05176550293 -4.25210214844
4.41011945801 1.5442600708 -9.5001921875 -6.95755002441 4.97993945312 -4.2784383667
4.3382934082 1.57777889404 -9.36372269287 -6.96712683105 4.99669886475 -4.22337172852
4.45800349121 1.59693250732 -9.41878933105 -7.05331809082 5.02064088135 -4.29519777832
4.41011945801 1.5801730957 -9.48582697754 -7.0126166626 5.07331331787 -4.28801517334
4.32153399658 1.55383687744 -9.50737479248 -7.05571229248 4.99669886475 -4.14436307373
4.44603248291 1.55383687744 -9.34935748291 -6.90727178955 5.20020600586 -4.18506450195
4.35265861816 1.4963760376 -9.61990227051 -6.9767036377 5.03500609131 -4.35984122314
4.40533105469 1.53707746582 -9.48582697754 -6.94079061279 5.07570751953 -4.29998618164
4.42687886963 1.39342536621 -9.43076033936 -6.92163699951 5.13556256104 -4.21140072021
4.34787021484 1.47003981934 -9.46906756592 -6.95515582275 5.04937130127 -4.37420643311
4.47715710449 1.58256729736 -9.42357773437 -6.94079061279 5.11880314941 -4.19703551025
4.44603248291 1.40539637451 -9.49779798584 -6.93839641113 5.06613071289 -4.3023803833
4.3263223999 1.5562310791 -9.45709655762 -7.01740506592 5.06852491455 -4.28801517334
4.39814844971 1.54186586914 -9.4283661377 -6.97430943604 5.04937130127 -4.2185833252
4.40533105469 1.54904847412 -9.42597193604 -6.99585725098 5.03740029297 -4.21618912354
4.42927307129 1.56101948242 -9.46667336426 -7.01740506592 4.98233365479 -4.21379492187
4.37899483643 1.55383687744 -9.4882211792 -7.05092388916 5.03261188965 -4.22097752686
4.32392819824 1.52510645752 -9.43554874268 -7.04134708252 5.01824667969 -4.44124407959
4.41969626465 1.5562310791 -9.49779798584 -6.99585725098 5.04937130127 -4.23534273682
4.43645567627 1.54665427246 -9.41400092773 -6.95036741943 4.98712205811 -4.26407315674
4.38617744141 1.38863696289 -9.4882211792 -6.988674646 5.00627567139 -4.27125576172
4.45321508789 1.54904847412 -9.44751975098 -7.07007750244 5.05894810791 -4.43884987793
4.43884987793 1.5682020874 -9.43315454102 -6.95036741943 5.08528432617 -4.3382934082
4.35265861816 1.66636435547 -9.4762501709 -7.00303985596 4.99669886475 -4.17788189697
4.37181223145 1.59693250732 -9.57680664062 -6.97430943604 4.99909306641 -4.2664673584
4.39814844971 1.48919343262 -9.50498059082 -6.99825145264 5.00148726807 -4.30716878662
4.48433970947 1.54186586914 -9.41639512939 -6.96952103271 5.10922634277 -4.28801517334
4.30956298828 1.57538469238 -9.53371101074 -7.04134708252 4.9751510498 -4.26407315674
4.52264693604 1.58256729736 -9.39005891113 -6.988674646 4.9272670166 -4.2305543335
4.39336004639 1.64960494385 -9.45709655762 -7.06289489746 4.99191046143 -4.24013114014
4.39096584473 1.58496149902 -9.4642791626 -7.04134708252 4.97993945312 -4.34068760986
4.41730206299 1.82198746338 -9.41639512939 -6.90008918457 5.07331331787 -4.13957467041
4.43406147461 1.49398183594 -9.440337146 -6.99585725098 5.02303508301 -4.3382934082
4.42687886963 1.49158763428 -9.440337146 -6.88093557129 5.07570751953 -4.37420643311
4.37899483643 1.61129771729 -9.36372269287 -6.99346304932 5.00627567139 -4.16591088867
4.46997449951 1.46525141602 -9.47385596924 -6.95036741943 5.04937130127 -4.3023803833
4.290409375 1.54186586914 -9.41400092773 -7.01740506592 5.00148726807 -4.31195718994
4.42927307129 1.60890351563 -9.40442412109 -7.00782825928 4.98951625977 -4.18267030029
4.38617744141 1.53947166748 -9.50258638916 -7.01022246094 4.99669886475 -4.37660063477
4.38857164307 1.54665427246 -9.61032546387 -6.988674646 5.03500609131 -4.15872828369
4.36941802979 1.54904847412 -9.50498059082 -7.03895288086 4.9512090332 -4.2425253418
4.40054265137 1.55862528076 -9.36851109619 -6.99106884766 5.01585247803 -4.32871660156
4.48194550781 1.52750065918 -9.45470235596 -6.95276162109 4.99669886475 -4.29519777832
4.35744702148 1.56101948242 -9.48103857422 -6.988674646 5.00866987305 -4.26407315674
4.37660063477 1.52271225586 -9.64384428711 -6.99585725098 5.02782348633 -4.28322677002
4.40772525635 1.55144267578 -9.50498059082 -6.98388624268 5.01585247803 -4.2664673584
4.42209046631 1.57059628906 -9.40681832275 -6.99585725098 5.02064088135 -4.30477458496
4.37420643311 1.56580788574 -9.23922420654 -7.01022246094 5.01106407471 -4.18506450195
4.45082088623 1.56101948242 -9.47864437256 -6.98628044434 5.00388146973 -4.27125576172
4.39336004639 1.63045133057 -9.38766470947 -7.01501086426 4.95599743652 -4.20900651855
4.43166727295 1.40300217285 -9.44751975098 -7.02698187256 4.96796844482 -4.30477458496
4.38378323975 1.55144267578 -9.58398924561 -7.01501086426 5.02064088135 -4.25210214844
4.38617744141 1.59932670898 -9.4642791626 -7.08683691406 5.01824667969 -4.26886156006
4.39814844971 1.59932670898 -9.51934580078 -7.20175859375 4.96557424316 -4.32871660156
4.41011945801 1.55862528076 -9.41639512939 -7.0126166626 4.98951625977 -4.25928475342
4.47715710449 1.51792385254 -9.44512554932 -6.97909783936 5.03979449463 -4.21140072021
4.42209046631 1.58256729736 -9.39963571777 -7.00782825928 5.00627567139 -4.23534273682
4.41251365967 1.59932670898 -9.4523081543 -7.04374128418 5.18823499756 -4.43645567627
4.51546433105 1.60172091064 -9.42597193604 -7.03416447754 5.01345827637 -4.33111080322
4.54419475098 1.59932670898 -9.41160672607 -7.0365586792 5.03500609131 -4.31913979492
4.49631071777 1.54904847412 -9.42118353271 -7.02937607422 4.97275684814 -4.30477458496
4.50828172607 1.592144104 -9.440337146 -6.89769498291 4.94642062988 -4.37420643311
4.56574256592 1.58735570068 -9.38287630615 -7.00303985596 4.96796844482 -4.30477458496
4.54658895264 1.56341368408 -9.39724151611 -6.9767036377 4.98233365479 -4.20900651855
4.46039769287 1.55862528076 -9.45470235596 -6.99346304932 4.94642062988 -4.3263223999
4.50109912109 1.5562310791 -9.41639512939 -7.01740506592 4.98472785645 -4.24013114014
4.5489831543 1.59453830566 -9.20809958496 -6.98149204102 4.97993945312 -4.2425253418
4.48433970947 1.58496149902 -9.39005891113 -6.98628044434 5.02064088135 -4.37899483643
4.45560928955 1.5682020874 -9.38048210449 -6.99346304932 4.97275684814 -4.31195718994
4.55377155762 1.58974990234 -9.41160672607 -7.18499918213 4.97754525146 -4.34787021484
4.51546433105 1.56580788574 -9.43315454102 -6.99825145264 4.98951625977 -4.22816013184
4.53461794434 1.57777889404 -9.44751975098 -7.0365586792 4.96078583984 -4.24970794678
4.48912811279 1.56580788574 -9.42597193604 -7.0485296875 4.99909306641 -4.27604416504
4.39575424805 1.52510645752 -9.47864437256 -7.02219346924 4.92008441162 -4.13957467041
4.44842668457 1.39103116455 -9.41878933105 -7.02937607422 4.99430466309 -4.35744702148
4.50349332275 1.60650931396 -9.39005891113 -7.00303985596 5.02782348633 -4.32392819824
4.47476290283 1.53947166748 -9.37808790283 -7.03416447754 4.98233365479 -4.290409375
4.47476290283 1.5682020874 -9.43794294434 -7.03895288086 4.95599743652 -4.25928475342
4.52264693604 1.58256729736 -9.40442412109 -7.04613548584 4.99430466309 -4.27604416504
4.47476290283 1.55862528076 -9.43554874268 -7.05331809082 4.99191046143 -4.28083256836
4.50109912109 1.58735570068 -9.44512554932 -7.01979926758 4.97275684814 -4.35744702148
4.55137735596 1.57299049072 -9.61990227051 -7.01740506592 4.98712205811 -4.35984122314
4.54419475098 1.60650931396 -9.440337146 -7.07486590576 4.97754525146 -4.35744702148
4.54180054932 1.59693250732 -9.43554874268 -7.04134708252 5.01106407471 -4.13957467041
4.49631071777 1.55862528076 -9.39245311279 -7.07486590576 4.95360323486 -4.29280357666
4.52025273438 1.60890351563 -9.42357773437 -7.00303985596 4.99430466309 -4.26167895508
4.53461794434 1.55862528076 -9.29429084473 -7.01740506592 4.95599743652 -4.14196887207
4.5848961792 1.57299049072 -9.35654008789 -6.98149204102 5.02782348633 -4.30477458496
4.55137735596 1.59932670898 -9.41878933105 -6.988674646 4.94163222656 -4.32153399658
4.56334836426 1.6041151123 -9.45470235596 -7.00303985596 4.97275684814 -4.34308181152
4.55377155762 1.38145435791 -9.4642791626 -6.93121380615 4.98951625977 -4.35505281982
4.49870491943 1.54186586914 -9.4283661377 -6.90248338623 4.94881483154 -4.27364996338
4.74291348877 1.60172091064 -9.35414588623 -7.03177027588 4.98233365479 -4.31913979492
4.54419475098 1.58496149902 -9.40442412109 -6.98388624268 5.00627567139 -4.38857164307
4.49152231445 1.53947166748 -9.46188496094 -7.04613548584 4.89374819336 -4.29998618164
4.57053096924 1.5442600708 -9.40442412109 -6.94079061279 5.01106407471 -4.22816013184
4.52264693604 1.55383687744 -9.61511386719 -6.96233842773 4.93684382324 -4.31674559326
4.55616575928 1.60172091064 -9.42597193604 -7.03177027588 4.9751510498 -4.34068760986
4.5489831543 1.55144267578 -9.35654008789 -6.99346304932 4.93444962158 -4.35505281982
4.5968671875 1.62805712891 -9.43794294434 -7.01740506592 4.9751510498 -4.30716878662
4.50109912109 1.55383687744 -9.45470235596 -7.04134708252 4.93444962158 -4.43884987793
4.51785853271 1.56341368408 -9.39005891113 -6.91684859619 5.03500609131 -4.32153399658
4.54658895264 1.62566292725 -9.43315454102 -7.00782825928 4.96557424316 -4.26886156006
4.44363828125 1.60172091064 -9.43315454102 -7.08204851074 5.00148726807 -4.39575424805
4.51067592773 1.59693250732 -9.39724151611 -7.00303985596 4.97275684814 -4.28562097168
4.54419475098 1.58735570068 -9.43076033936 -6.988674646 4.98233365479 -4.31195718994
4.46518609619 1.5203180542 -9.41400092773 -7.02219346924 4.93684382324 -4.27364996338
4.49391651611 1.59932670898 -9.40202991943 -7.04134708252 4.98233365479 -4.31195718994
4.46997449951 1.5442600708 -9.42118353271 -7.01022246094 4.94402642822 -4.34308181152
4.51546433105 1.56101948242 -9.42357773437 -7.01501086426 5.04218869629 -4.30956298828
4.47715710449 1.59693250732 -9.45709655762 -6.97909783936 4.96796844482 -4.28322677002
4.47476290283 1.57299049072 -9.44512554932 -7.0245876709 4.93684382324 -4.23294853516
4.38138903809 1.57059628906 -9.49061538086 -7.02219346924 4.9272670166 -4.3502644165
4.51546433105 1.57299049072 -9.4283661377 -7.03895288086 4.99191046143 -4.35984122314
4.48433970947 1.57538469238 -9.41160672607 -7.18021077881 4.94642062988 -4.34308181152
4.49152231445 1.5682020874 -9.45470235596 -7.00543405762 4.98472785645 -4.26886156006
4.47955130615 1.56580788574 -9.40681832275 -6.99346304932 4.98951625977 -4.24970794678
4.50588752441 1.5801730957 -9.36132849121 -7.00543405762 5.01345827637 -4.34308181152
4.54658895264 1.592144104 -9.43076033936 -7.05331809082 4.97036264648 -4.2784383667
4.5968671875 1.54904847412 -9.41878933105 -6.98628044434 4.95839163818 -4.30956298828
4.42927307129 1.56580788574 -9.39245311279 -7.18739338379 4.88656558838 -4.20900651855
4.55377155762 1.62326872559 -9.40442412109 -6.99585725098 4.93205541992 -4.2185833252
4.6088381958 1.57299049072 -9.37329949951 -7.01022246094 5.08767852783 -4.18745870361
4.40293685303 1.58256729736 -9.5361052124 -7.15626876221 4.9152960083 -4.43166727295
4.42687886963 1.5682020874 -9.43794294434 -7.13711514893 5.01345827637 -4.41490786133
4.52264693604 1.54186586914 -9.39724151611 -7.09162531738 5.00388146973 -4.35265861816
4.48433970947 1.62566292725 -9.44751975098 -7.0126166626 5.06134230957 -4.28801517334
4.29519777832 1.55862528076 -9.5121631958 -6.93121380615 4.85783516846 -4.37660063477
4.73573088379 1.6041151123 -9.38766470947 -6.9767036377 4.98951625977 -4.2185833252
4.20661231689 1.58974990234 -9.89044705811 -7.04374128418 4.86022937012 -4.31674559326
4.24970794678 1.40300217285 -9.49540378418 -7.07965430908 4.9152960083 -4.41969626465
4.40054265137 1.4963760376 -9.45709655762 -6.95994422607 4.97754525146 -4.3502644165
4.3143513916 1.51313544922 -9.4283661377 -7.01979926758 4.93684382324 -4.37420643311
4.3502644165 1.53468326416 -9.4882211792 -6.98149204102 4.9751510498 -4.3023803833
4.42927307129 1.59932670898 -9.49540378418 -6.988674646 4.94642062988 -4.37420643311
4.46758029785 1.61129771729 -9.41639512939 -7.0245876709 4.89614239502 -4.39814844971
