2.87064779053 9.61511386719 -2.51630594482 -2.33913502197 9.2655604248 0.890643017578
2.91613762207 9.58638344727 -2.46602770996 -2.4037784668 9.27034882812 0.830787976074
2.86585938721 9.58398924561 -2.54743056641 -2.4037784668 9.31105025635 0.75896192627
2.7940333374 9.60314285889 -2.44447989502 -2.39659586182 9.24640681152 0.809240161133
2.84191737061 9.64384428711 -2.52109434814 -2.35828863525 9.29189664307 0.818816967773
2.7820623291 9.63905588379 -2.55221896973 -2.4037784668 9.28231983643 0.816422766113
2.88740720215 9.59596025391 -2.50912333984 -2.40617266846 9.25837781982 0.91458503418
2.88501300049 9.58638344727 -2.50672913818 -2.36547124023 9.27753143311 0.835576379395
2.90177241211 9.69412252197 -2.51391174316 -2.37265384521 9.28950244141 0.873883605957
2.80839854736 9.59596025391 -2.49475812988 -2.37025964355 9.2416184082 0.905008227539
2.84431157227 9.67018050537 -2.4995465332 -2.36786544189 9.26795462646 0.881066210937
2.85388837891 9.63426748047 -2.52109434814 -2.30082779541 9.25837781982 0.845153186035
2.84670577393 9.62469067383 -2.55221896973 -2.4157494751 9.25598361816 0.792480749512
2.76769711914 9.62708487549 -2.56897838135 -2.43490308838 9.193734375 0.866701000977
2.83234056396 9.63187327881 -2.5234885498 -2.4277204834 9.23443580322 0.871489404297
2.79882174072 9.61990227051 -2.56418997803 -2.42532628174 9.2176763916 0.91697923584
2.85867678223 9.59835445557 -2.48278712158 -2.37744224854 9.29668504639 0.859518395996
2.89937821045 9.62229647217 -2.52827695312 -2.40617266846 9.27513723145 0.833182177734
2.87543619385 9.69172832031 -2.52109434814 -2.38701905518 9.32062706299 0.785298144531
2.90895501709 9.58638344727 -2.57855518799 -2.35589443359 9.29429084473 0.794874951172
2.85867678223 9.79707319336 -2.46842191162 -2.40138426514 9.2416184082 0.866701000977
2.82276375732 9.62469067383 -2.46842191162 -2.39420166016 9.23683000488 0.835576379395
2.79882174072 9.59835445557 -2.4756045166 -2.36547124023 9.25119521484 0.873883605957
2.817975354 9.52174000244 -2.53306535645 -2.34152922363 9.26077202148 0.754173522949
2.78445653076 9.69172832031 -2.55461317139 -2.41096107178 9.29907924805 0.905008227539
2.93768543701 9.67257470703 -2.51870014648 -2.28646258545 9.35414588623 0.821211169434
2.89219560547 9.62708487549 -2.4636335083 -2.28406838379 9.27034882812 0.897825622559
2.85628258057 9.66539210205 -2.4277204834 -2.20266552734 9.29668504639 0.833182177734
2.71263048096 9.61990227051 -2.33913502197 -2.28167418213 9.33738647461 1.05105452881
2.69108266602 9.57680664062 -2.37744224854 -2.27449157715 9.2057053833 0.881066210937
2.80361014404 9.63426748047 -2.33913502197 -2.07098443604 9.27753143311 0.888248815918
2.66474644775 9.68454571533 -2.37265384521 -2.14041628418 9.24640681152 0.957680664062
2.88022459717 9.72524714355 -2.36547124023 -2.27927998047 9.35893428955 0.883460412598
2.98796367187 9.66539210205 -2.26970317383 -1.99915838623 9.33020386963 0.667982263184
2.84191737061 9.65820949707 -2.27449157715 -2.17632930908 9.37090529785 0.787692346191
2.71741888428 9.71806453857 -2.23139594727 -2.25533796387 9.33738647461 0.77332713623
2.77487972412 9.55765302734 -2.34392342529 -2.15238729248 9.22485899658 1.03908352051
2.86346518555 9.67257470703 -2.35350023193 -2.25054956055 9.31344445801 0.869095202637
2.79882174072 9.67018050537 -2.37504804687 -2.22181914063 9.29907924805 0.960074865723
2.77966812744 9.67018050537 -2.20745393066 -2.1452046875 9.31583865967 0.993593688965
2.79642753906 9.72764134521 -2.34871182861 -2.24336695557 9.30626185303 0.936132849121
2.66474644775 9.80425579834 -2.46123930664 -2.31040460205 9.25119521484 0.995987890625
2.69587106934 9.61750806885 -2.34152922363 -2.34871182861 9.22725319824 0.995987890625
2.77966812744 9.63187327881 -2.37504804687 -2.34631762695 9.23204160156 0.92176763916
2.65995804443 9.70130512695 -2.35828863525 -2.33674082031 9.30386765137 1.00317049561
2.60249720459 9.70609353027 -2.36547124023 -2.31998140869 9.23443580322 1.06063133545
2.74854350586 9.74918916016 -2.37025964355 -2.37265384521 9.29668504639 0.969651672363
2.79642753906 9.68215151367 -2.41335527344 -2.33913502197 9.28950244141 0.936132849121
2.64798703613 9.66778630371 -2.41096107178 -2.43490308838 9.24401260986 0.895431420898
2.62643922119 9.61511386719 -2.4516625 -2.39420166016 9.1697923584 1.00795889893
2.66474644775 9.72285294189 -2.30801040039 -2.49236392822 9.21049378662 0.979228479004
2.69587106934 9.68693991699 -2.57855518799 -2.37265384521 9.25598361816 0.950498059082
2.59292039795 9.63666168213 -2.30801040039 -2.47321031494 9.2176763916 0.938527050781
2.4756045166 9.68215151367 -2.48039291992 -2.48518132324 9.21288798828 0.986411083984
2.67911165771 9.7467949585 -2.47799871826 -2.50433493652 9.23922420654 0.988805285645
2.70305367432 9.62708487549 -2.49236392822 -2.47321031494 9.22246479492 1.02471831055
2.698265271 9.63666168213 -2.44447989502 -2.5234885498 9.21288798828 0.976834277344
2.61446821289 9.65820949707 -2.60249720459 -2.49236392822 9.19852277832 0.950498059082
2.67671745605 9.66539210205 -2.37025964355 -2.46602770996 9.19134017334 0.972045874023
2.53067115479 9.67257470703 -2.4037784668 -2.49715233154 9.17218656006 1.07020814209
2.61207401123 9.61990227051 -2.30801040039 -2.48278712158 9.16500395508 1.07499654541
2.68150585937 9.62229647217 -2.43729729004 -2.47321031494 9.34456907959 0.986411083984
2.58573779297 9.68454571533 -2.40856687012 -2.50433493652 9.22246479492 1.09654436035
2.61446821289 9.62947907715 -2.47799871826 -2.57855518799 9.04529387207 1.04866032715
2.59052619629 9.73003554687 -2.46602770996 -2.55700737305 9.21288798828 1.12048637695
2.54982476807 9.70130512695 -2.42532628174 -2.48039291992 9.20331118164 1.08217915039
2.57616098633 9.67018050537 -2.33674082031 -2.40856687012 9.19612857666 0.991199487305
2.45405670166 9.7467949585 -2.43490308838 -2.50194073486 9.2296473999 1.07020814209
2.63362182617 9.80425579834 -2.40617266846 -2.38223065186 9.19852277832 1.04147772217
2.55221896973 9.65820949707 -2.35589443359 -2.47799871826 9.19134017334 1.09415015869
2.62165081787 9.67018050537 -2.42053787842 -2.44926829834 9.22485899658 1.07260234375
2.60249720459 9.70848773193 -2.37504804687 -2.48518132324 9.2176763916 1.17315881348
2.55461317139 9.66539210205 -2.43729729004 -2.48518132324 9.1697923584 1.13963999023
2.60967980957 9.66060369873 -2.55940157471 -2.47799871826 9.14345614014 0.974440075684
2.74136090088 9.66778630371 -2.4396914917 -2.4277204834 9.2057053833 1.19470662842
2.58334359131 9.69412252197 -2.48996972656 -2.57855518799 9.16500395508 1.18034141846
2.75572611084 9.61990227051 -2.39420166016 -2.4875755249 9.17458076172 1.08457335205
2.60489140625 9.69412252197 -2.43729729004 -2.50912333984 9.17697496338 1.04387192383
2.54503636475 9.74200655518 -2.37504804687 -2.47799871826 9.2535894165 1.07260234375
2.58813199463 9.67257470703 -2.30561619873 -2.43729729004 9.16739815674 1.08457335205
2.65516964111 9.70130512695 -2.43729729004 -2.42532628174 9.2057053833 1.08217915039
2.56658417969 9.7348239502 -2.43011468506 -2.4756045166 9.2296473999 1.09893856201
2.62643922119 9.77552537842 -2.44447989502 -2.46842191162 9.18655177002 1.04626612549
2.63841022949 9.66539210205 -2.39420166016 -2.59531459961 9.2057053833 1.04147772217
2.50912333984 9.70848773193 -2.43250888672 -2.45884510498 9.21288798828 1.10133276367
2.63841022949 9.69172832031 -2.4516625 -2.56418997803 9.17458076172 1.04387192383
2.45645090332 9.67496890869 -2.34152922363 -2.4516625 9.23683000488 1.12288057861
2.54743056641 9.72524714355 -2.35110603027 -2.49236392822 9.2296473999 1.10372696533
2.66474644775 9.68933411865 -2.46123930664 -2.44447989502 9.19612857666 1.10851536865
2.63601602783 9.68693991699 -2.43490308838 -2.4875755249 9.07641849365 1.08696755371
2.60249720459 9.69412252197 -2.58573779297 -2.47321031494 9.24401260986 0.955286462402
2.56418997803 9.66778630371 -2.43011468506 -2.42293208008 9.193734375 1.07499654541
2.57616098633 9.50498059082 -2.40617266846 -2.45884510498 9.19134017334 1.14442839355
2.60010300293 9.67736311035 -2.31758720703 -2.52588275146 9.20091697998 1.13485158691
2.60967980957 9.70130512695 -2.37744224854 -2.5234885498 9.24401260986 1.09415015869
2.7222072876 9.70848773193 -2.44447989502 -2.45884510498 9.33738647461 1.10133276367
2.63601602783 9.67018050537 -2.3918074585 -2.4875755249 9.17697496338 1.11330377197
2.58573779297 9.63426748047 -2.40138426514 -2.48039291992 9.20091697998 1.06063133545
2.54024796143 9.68215151367 -2.45645090332 -2.5115175415 9.19852277832 1.08936175537
2.65516964111 9.72045874023 -2.3798364502 -2.4396914917 9.26316622314 1.02711251221
2.55700737305 9.64623848877 -2.4756045166 -2.48039291992 9.04289967041 1.17555301514
2.55940157471 9.68933411865 -2.46602770996 -2.44447989502 9.18894597168 1.06781394043
2.65277543945 9.71327613525 -2.45645090332 -2.59531459961 9.21049378662 1.05344873047
2.55700737305 9.68693991699 -2.42532628174 -2.44447989502 9.34217487793 1.11809217529
2.74854350586 9.65342109375 -2.48039291992 -2.4995465332 9.18894597168 1.08696755371
2.56179577637 9.66778630371 -2.43729729004 -2.50912333984 9.17697496338 1.06063133545
2.64319863281 9.66539210205 -2.39899006348 -2.52827695312 9.05965908203 1.21625444336
2.63362182617 9.72285294189 -2.44926829834 -2.46602770996 9.20091697998 1.13245738525
2.57137258301 9.72764134521 -2.36068283691 -2.31519300537 9.19612857666 1.17076461182
2.65756384277 9.68215151367 -2.43250888672 -2.43250888672 9.19612857666 0.936132849121
2.60489140625 9.63666168213 -2.43011468506 -2.46842191162 9.20091697998 0.981622680664
2.73896669922 9.70609353027 -2.4277204834 -2.48996972656 9.19852277832 1.07499654541
2.60249720459 9.65581529541 -2.44208569336 -2.53785375977 9.19852277832 0.969651672363
2.62404501953 9.71327613525 -2.4636335083 -2.44926829834 9.18415756836 1.11569797363
2.57376678467 9.70848773193 -2.41814367676 -2.46602770996 9.21528218994 0.952892260742
2.61686241455 9.70609353027 -2.4037784668 -2.45405670166 9.18894597168 1.05584293213
2.58094938965 9.7467949585 -2.36547124023 -2.50912333984 9.21049378662 1.06302553711
2.60967980957 9.69891092529 -2.4157494751 -2.46602770996 9.06923588867 1.10851536865
2.62404501953 9.52652840576 -2.32716401367 -2.49715233154 9.16739815674 1.07499654541
2.63122762451 9.73961235352 -2.45645090332 -2.53067115479 9.2416184082 1.07499654541
2.58573779297 9.67736311035 -2.4157494751 -2.5234885498 9.22246479492 1.07739074707
2.57855518799 9.66299790039 -2.41335527344 -2.5234885498 9.20091697998 1.04866032715
2.45645090332 9.67736311035 -2.44447989502 -2.48996972656 9.20331118164 1.09893856201
2.59770880127 9.73242974854 -2.40856687012 -2.51870014648 9.18415756836 1.14203419189
2.45884510498 9.50737479248 -2.38701905518 -2.44926829834 9.34217487793 1.2018892334
2.57137258301 9.67496890869 -2.41335527344 -2.50433493652 9.17697496338 1.12288057861
2.55940157471 9.65102689209 -2.44447989502 -2.51870014648 9.18894597168 1.06541973877
2.58573779297 9.67018050537 -2.42053787842 -2.50912333984 9.22725319824 1.16118780518
2.5234885498 9.62708487549 -2.39420166016 -2.4756045166 9.1817633667 1.20428343506
2.58094938965 9.70130512695 -2.45405670166 -2.43250888672 9.22485899658 1.12048637695
2.63601602783 9.67736311035 -2.41814367676 -2.59531459961 9.21528218994 1.12766898193
2.67432325439 9.51695159912 -2.3918074585 -2.43729729004 9.24640681152 1.10133276367
2.64798703613 9.72764134521 -2.37744224854 -2.46123930664 9.22246479492 1.15161099854
2.58813199463 9.73721815186 -2.35110603027 -2.51391174316 9.21049378662 1.07978494873
2.47081611328 9.69412252197 -2.37504804687 -2.48278712158 9.1697923584 1.13485158691
2.59531459961 9.73242974854 -2.46123930664 -2.5115175415 9.18415756836 1.09415015869
2.58334359131 9.66778630371 -2.45884510498 -2.45405670166 9.17697496338 1.04147772217
2.60249720459 9.70609353027 -2.40856687012 -2.48518132324 9.2176763916 1.12048637695
2.63362182617 9.69172832031 -2.31040460205 -2.43250888672 9.24880101318 1.17315881348
2.62404501953 9.66539210205 -2.44687409668 -2.49715233154 9.17218656006 1.08457335205
2.59770880127 9.70369932861 -2.47081611328 -2.49236392822 9.2057053833 1.13724578857
2.57855518799 9.78749638672 -2.48039291992 -2.48039291992 9.19852277832 1.08217915039
2.56418997803 9.64384428711 -2.44926829834 -2.55221896973 9.05965908203 1.1659762085
2.59292039795 9.50498059082 -2.40138426514 -2.53067115479 9.19852277832 1.22104284668
2.56658417969 9.63905588379 -2.42053787842 -2.54024796143 9.17697496338 1.1659762085
2.60967980957 9.73721815186 -2.48039291992 -2.45884510498 9.2296473999 1.17076461182
2.50912333984 9.66539210205 -2.48039291992 -2.54503636475 9.31344445801 1.08217915039
2.55940157471 9.70369932861 -2.30561619873 -2.50433493652 9.17218656006 1.16358200684
2.5234885498 9.69172832031 -2.38462485352 -2.48039291992 9.2296473999 1.04866032715
2.53785375977 9.68215151367 -2.38223065186 -2.4995465332 9.20809958496 1.13006318359
2.55700737305 9.65820949707 -2.33195241699 -2.43729729004 9.19134017334 1.11090957031
2.60728560791 9.73242974854 -2.40617266846 -2.51391174316 9.2057053833 1.12288057861
2.66235224609 9.68454571533 -2.40617266846 -2.4995465332 9.33259807129 1.14921679688
2.53306535645 9.68215151367 -2.42293208008 -2.50672913818 9.17458076172 1.11809217529
2.59292039795 9.65820949707 -2.34392342529 -2.30561619873 9.21049378662 1.13724578857
2.55940157471 9.69172832031 -2.48518132324 -2.48278712158 9.21049378662 1.07020814209
2.63362182617 9.67736311035 -2.37025964355 -2.51391174316 9.23443580322 1.12766898193
2.57376678467 9.70369932861 -2.43250888672 -2.48996972656 9.20331118164 1.16358200684
2.56418997803 9.64863269043 -2.38223065186 -2.53067115479 9.22485899658 1.07978494873
2.58573779297 9.72764134521 -2.44926829834 -2.49475812988 9.25119521484 1.10851536865
2.55940157471 9.66778630371 -2.44208569336 -2.44208569336 9.15303294678 1.17555301514
2.63122762451 9.71327613525 -2.4037784668 -2.4636335083 9.22485899658 1.15639940186
2.56658417969 9.80186159668 -2.37744224854 -2.55700737305 9.19852277832 1.11330377197
2.54743056641 9.73242974854 -2.38941325684 -2.53306535645 9.1697923584 1.1779472168
2.5234885498 9.79228479004 -2.30322199707 -2.53306535645 9.15303294678 1.08936175537
2.55700737305 9.66778630371 -2.43011468506 -2.54024796143 9.1817633667 1.1540052002
2.70544787598 9.68933411865 -2.4396914917 -2.48039291992 9.17697496338 1.10851536865
2.59292039795 9.69891092529 -2.39899006348 -2.4516625 9.14345614014 1.02950671387
2.56897838135 9.62947907715 -2.4277204834 -2.50194073486 9.18415756836 1.11569797363
2.54024796143 9.65342109375 -2.39659586182 -2.58813199463 9.23922420654 1.13006318359
2.51630594482 9.68693991699 -2.44208569336 -2.51391174316 9.18894597168 1.13485158691
2.56418997803 9.68933411865 -2.41096107178 -2.45884510498 9.21528218994 1.19470662842
2.57137258301 9.69651672363 -2.37744224854 -2.50912333984 9.32541546631 1.12766898193
2.64319863281 9.72524714355 -2.41335527344 -2.44926829834 9.2057053833 1.13245738525
2.57137258301 9.74440075684 -2.36547124023 -2.49475812988 9.18894597168 1.11330377197
2.57855518799 9.67736311035 -2.46123930664 -2.49236392822 9.1697923584 1.11809217529
2.52109434814 9.70130512695 -2.43011468506 -2.49715233154 9.1697923584 1.18752402344
2.54024796143 9.74200655518 -2.39420166016 -2.4995465332 9.2176763916 1.18273562012
2.54982476807 9.66778630371 -2.40856687012 -2.46602770996 9.17218656006 1.1899182251
2.57855518799 9.67975731201 -2.43729729004 -2.50194073486 9.21049378662 0.92416184082
2.60489140625 9.7348239502 -2.38223065186 -2.46123930664 9.23922420654 1.14921679688
2.53306535645 9.67496890869 -2.43729729004 -2.46123930664 9.16260975342 1.18273562012
2.57616098633 9.68693991699 -2.43490308838 -2.48039291992 9.22246479492 1.22104284668
2.52827695312 9.66778630371 -2.38941325684 -2.54743056641 9.18415756836 1.13485158691
2.56897838135 9.65820949707 -2.42293208008 -2.52827695312 9.1458503418 1.1779472168
2.50672913818 9.68454571533 -2.39420166016 -2.53067115479 9.15542714844 1.07978494873
2.57855518799 9.68933411865 -2.4396914917 -2.50194073486 9.16739815674 1.17555301514
2.55461317139 9.69172832031 -2.41814367676 -2.49475812988 9.19612857666 1.2018892334
2.52827695312 9.73003554687 -2.42532628174 -2.5234885498 9.19852277832 0.950498059082
2.54743056641 9.68215151367 -2.58334359131 -2.53785375977 9.18415756836 1.17076461182
2.53785375977 9.70609353027 -2.43729729004 -2.55461317139 9.34456907959 1.13485158691
2.54503636475 9.67018050537 -2.40138426514 -2.48278712158 9.04768807373 1.14921679688
2.4995465332 9.68693991699 -2.3918074585 -2.48518132324 9.18894597168 1.18273562012
2.57376678467 9.69412252197 -2.46123930664 -2.45405670166 9.18415756836 1.12766898193
2.63122762451 9.71806453857 -2.42053787842 -2.4756045166 9.18655177002 1.13485158691
2.54264216309 9.79946739502 -2.42293208008 -2.53545955811 9.21049378662 1.09893856201
2.58813199463 9.70130512695 -2.35589443359 -2.45405670166 9.06923588867 1.12527478027
2.57376678467 9.71088193359 -2.30322199707 -2.50194073486 9.05487067871 1.2018892334
2.56418997803 9.72764134521 -2.47081611328 -2.51391174316 9.18894597168 1.10851536865
2.53545955811 9.67496890869 -2.38701905518 -2.52827695312 9.16021555176 1.15639940186
2.54264216309 9.69651672363 -2.36068283691 -2.50672913818 9.22007059326 1.20907183838
2.55221896973 9.71088193359 -2.32716401367 -2.4636335083 9.22007059326 1.15161099854
2.54743056641 9.64145008545 -2.39659586182 -2.48518132324 9.1578213501 1.19231242676
2.57616098633 9.69651672363 -2.4277204834 -2.53067115479 9.13148513184 1.13006318359
2.52827695312 9.66539210205 -2.4756045166 -2.59292039795 9.16500395508 1.16118780518
2.54024796143 9.64623848877 -2.45645090332 -2.48996972656 9.16260975342 1.21146604004
2.54264216309 9.74440075684 -2.3918074585 -2.54982476807 9.1578213501 1.11809217529
2.62404501953 9.72285294189 -2.35350023193 -2.52109434814 9.21288798828 1.1779472168
2.53545955811 9.67496890869 -2.48278712158 -2.5115175415 9.193734375 1.15879360352
2.58094938965 9.70848773193 -2.3918074585 -2.51870014648 9.2057053833 1.1540052002
2.54264216309 9.65820949707 -2.37744224854 -2.5115175415 9.16500395508 1.10612116699
2.56179577637 9.65581529541 -2.42532628174 -2.4756045166 9.2057053833 1.18752402344
2.4875755249 9.63187327881 -2.39659586182 -2.5115175415 9.16739815674 1.2018892334
2.55940157471 9.68693991699 -2.37025964355 -2.50912333984 9.2176763916 1.16358200684
2.55461317139 9.61750806885 -2.38941325684 -2.47799871826 9.15542714844 1.17076461182
2.55461317139 9.70848773193 -2.37504804687 -2.5234885498 9.2057053833 1.07978494873
2.57855518799 9.70609353027 -2.36068283691 -2.5234885498 9.22246479492 1.15639940186
2.47799871826 9.67975731201 -2.37504804687 -2.52109434814 9.30626185303 1.17555301514
2.56897838135 9.68933411865 -2.3918074585 -2.33195241699 9.24401260986 1.08217915039
2.53545955811 9.67257470703 -2.41814367676 -2.56418997803 9.15303294678 1.18512982178
2.56418997803 9.72524714355 -2.39899006348 -2.50433493652 9.1578213501 1.16118780518
2.61446821289 9.69412252197 -2.40856687012 -2.48278712158 9.18894597168 1.13006318359
2.52109434814 9.68933411865 -2.41814367676 -2.54743056641 9.15303294678 1.17076461182
2.74375510254 9.7467949585 -2.56418997803 -2.45884510498 9.07641849365 1.1779472168
2.56897838135 9.69172832031 -2.32955821533 -2.45405670166 9.17697496338 1.13724578857
2.46842191162 9.70130512695 -2.37744224854 -2.50194073486 9.04289967041 1.04866032715
2.60489140625 9.66060369873 -2.42293208008 -2.53067115479 9.15063874512 0.957680664062
2.52109434814 9.73003554687 -2.4037784668 -2.51630594482 9.18655177002 1.2138602417
2.50194073486 9.69651672363 -2.42293208008 -2.52109434814 9.1817633667 1.11809217529
2.66953485107 9.68933411865 -2.41096107178 -2.50912333984 9.2416184082 1.16358200684
2.53067115479 9.69412252197 -2.3918074585 -2.50194073486 9.20331118164 1.06302553711
2.59770880127 9.67975731201 -2.30561619873 -2.46602770996 9.05247647705 1.14442839355
2.55700737305 9.68933411865 -2.38941325684 -2.50672913818 9.16021555176 1.14442839355
2.48278712158 9.69172832031 -2.39659586182 -2.55221896973 9.13627353516 1.12527478027
2.60249720459 9.66539210205 -2.35110603027 -2.50672913818 9.2057053833 0.957680664062
2.52109434814 9.67018050537 -2.38223065186 -2.53306535645 9.10514891357 1.07739074707
2.64319863281 9.71567033691 -2.37025964355 -2.53785375977 9.23922420654 1.05823713379
2.57137258301 9.61990227051 -2.45645090332 -2.47799871826 9.17936916504 1.15161099854
2.52109434814 9.72285294189 -2.47081611328 -2.49715233154 9.18655177002 1.13724578857
2.59770880127 9.71088193359 -2.41814367676 -2.58334359131 9.2296473999 1.12766898193
2.63841022949 9.71088193359 -2.37265384521 -2.42532628174 9.04768807373 1.17076461182
2.56179577637 9.71088193359 -2.37744224854 -2.49475812988 9.22246479492 1.21864864502
2.58334359131 9.50498059082 -2.36786544189 -2.59770880127 9.23922420654 1.08217915039
2.47321031494 9.67975731201 -2.35350023193 -2.46842191162 9.05008227539 1.10612116699
2.57616098633 9.76594857178 -2.37744224854 -2.45884510498 9.19852277832 1.17076461182
2.54982476807 9.70848773193 -2.40138426514 -2.44447989502 9.19852277832 1.06302553711
2.55221896973 9.67257470703 -2.43250888672 -2.52109434814 9.21288798828 1.12766898193
2.57616098633 9.69412252197 -2.40856687012 -2.54264216309 9.18894597168 1.15639940186
2.53306535645 9.64863269043 -2.43490308838 -2.53785375977 9.1578213501 1.18512982178
2.52827695312 9.67018050537 -2.42053787842 -2.51391174316 9.17936916504 1.13963999023
2.50433493652 9.69651672363 -2.41814367676 -2.49475812988 9.13866773682 1.18034141846
2.4995465332 9.71806453857 -2.41335527344 -2.54264216309 9.11233151855 1.10133276367
2.57137258301 9.70130512695 -2.38701905518 -2.51391174316 9.1817633667 1.17315881348
2.48996972656 9.65342109375 -2.3798364502 -2.57855518799 9.10993731689 1.2018892334
2.58334359131 9.70609353027 -2.37504804687 -2.48039291992 9.23443580322 1.13006318359
2.5234885498 9.69891092529 -2.44208569336 -2.52588275146 9.23922420654 1.10133276367
2.53785375977 9.71088193359 -2.41335527344 -2.4756045166 9.15063874512 1.08696755371
2.56658417969 9.73003554687 -2.37504804687 -2.50194073486 9.20331118164 1.2018892334
2.4995465332 9.69891092529 -2.38462485352 -2.51391174316 9.17218656006 1.17315881348
2.60489140625 9.71806453857 -2.35350023193 -2.52109434814 9.34456907959 1.12766898193
2.50912333984 9.68215151367 -2.3918074585 -2.48996972656 9.16739815674 1.1899182251
2.53545955811 9.70609353027 -2.32955821533 -2.30801040039 9.34456907959 1.19949503174
2.56897838135 9.72524714355 -2.37265384521 -2.52827695312 9.23922420654 1.14203419189
2.73657249756 9.71567033691 -2.31279880371 -2.52827695312 9.16739815674 1.21864864502
2.58813199463 9.71806453857 -2.3798364502 -2.51870014648 9.33738647461 1.14921679688
2.4875755249 9.70848773193 -2.41096107178 -2.50194073486 9.17458076172 1.20667763672
2.50912333984 9.69172832031 -2.39420166016 -2.56658417969 9.19134017334 1.19470662842
2.55700737305 9.69891092529 -2.37265384521 -2.4875755249 9.32541546631 1.08457335205
2.5234885498 9.71567033691 -2.41814367676 -2.53306535645 9.22485899658 1.11569797363
2.56179577637 9.73721815186 -2.39420166016 -2.49715233154 9.21288798828 1.23061965332
2.58813199463 9.64863269043 -2.39420166016 -2.49475812988 9.13866773682 1.19710083008
2.57376678467 9.75158336182 -2.39420166016 -2.55221896973 9.20331118164 1.20667763672
2.54503636475 9.63426748047 -2.40617266846 -2.52588275146 9.14106193848 1.18034141846
2.52588275146 9.70369932861 -2.4636335083 -2.51391174316 9.2057053833 1.22583125
2.47321031494 9.67975731201 -2.33913502197 -2.51870014648 9.14345614014 1.17076461182
2.5234885498 9.69172832031 -2.4037784668 -2.4995465332 9.18894597168 1.16118780518
2.30082779541 9.70848773193 -2.39659586182 -2.4756045166 9.1697923584 1.19231242676
2.57855518799 9.71088193359 -2.39659586182 -2.57376678467 9.2057053833 1.1779472168
2.53067115479 9.51695159912 -2.44208569336 -2.48039291992 9.15542714844 1.1659762085
2.57855518799 9.69891092529 -2.37265384521 -2.52827695312 9.1338793335 1.25216746826
2.57376678467 9.70848773193 -2.43011468506 -2.4636335083 9.22485899658 1.19470662842
2.49475812988 9.67496890869 -2.4995465332 -2.55221896973 9.08360109863 1.21625444336
2.57376678467 9.72524714355 -2.36547124023 -2.5115175415 9.15303294678 1.13485158691
2.52827695312 9.68215151367 -2.42532628174 -2.51630594482 9.15063874512 1.13963999023
2.73657249756 9.71806453857 -2.44447989502 -2.48278712158 9.04289967041 1.24259066162
2.57855518799 9.67975731201 -2.39420166016 -2.48278712158 9.1817633667 1.2138602417
2.52109434814 9.66539210205 -2.39659586182 -2.56658417969 9.20331118164 1.19710083008
2.57137258301 9.69651672363 -2.34871182861 -2.50194073486 9.25598361816 1.13963999023
2.54503636475 9.69891092529 -2.36068283691 -2.51870014648 9.1578213501 1.11809217529
2.54024796143 9.69891092529 -2.41096107178 -2.51391174316 9.17458076172 1.2138602417
2.49715233154 9.72524714355 -2.3918074585 -2.52109434814 9.18894597168 1.16837041016
2.65995804443 9.7348239502 -2.35589443359 -2.48039291992 9.25598361816 1.12766898193
2.56658417969 9.68933411865 -2.34152922363 -2.51630594482 9.19852277832 1.13724578857
2.51391174316 9.70130512695 -2.35110603027 -2.54024796143 9.32541546631 1.25935007324
2.60249720459 9.70369932861 -2.37265384521 -2.52109434814 9.17936916504 1.13963999023
2.52588275146 9.70369932861 -2.36307703857 -2.49715233154 9.17458076172 1.20428343506
2.54982476807 9.69651672363 -2.35110603027 -2.55461317139 9.1338793335 1.21625444336
2.54503636475 9.74200655518 -2.35110603027 -2.53785375977 9.33738647461 1.12048637695
2.54743056641 9.71088193359 -2.37504804687 -2.51870014648 9.20809958496 1.37427175293
2.58573779297 9.71806453857 -2.43490308838 -2.47321031494 9.22246479492 1.35272393799
2.60489140625 9.68693991699 -2.31279880371 -2.41096107178 9.21288798828 1.07978494873
2.53067115479 9.70848773193 -2.31279880371 -2.49715233154 9.33259807129 1.20667763672
2.53306535645 9.73242974854 -2.36068283691 -2.48518132324 9.16260975342 1.17076461182
2.60249720459 9.75397756348 -2.32237561035 -2.49715233154 9.21049378662 1.1779472168
2.51630594482 9.69412252197 -2.38941325684 -2.48039291992 9.17697496338 1.34075292969
2.54024796143 9.72524714355 -2.38462485352 -2.48996972656 9.17458076172 1.11330377197
2.59770880127 9.72045874023 -2.32716401367 -2.50433493652 9.20331118164 1.12048637695
2.58094938965 9.68693991699 -2.38223065186 -2.51391174316 9.33499227295 1.14921679688
2.55221896973 9.68215151367 -2.34631762695 -2.51391174316 9.21288798828 1.18273562012
2.62883342285 9.71567033691 -2.40138426514 -2.49475812988 9.2057053833 1.09415015869
2.62404501953 9.71806453857 -2.34871182861 -2.44926829834 9.19612857666 1.15161099854
2.5234885498 9.72764134521 -2.29125098877 -2.53067115479 9.17218656006 1.12527478027
2.58573779297 9.69412252197 -2.3918074585 -2.50433493652 9.22007059326 1.12527478027
2.65038123779 9.70609353027 -2.33434661865 -2.46123930664 9.33738647461 1.17555301514
2.54264216309 9.73721815186 -2.37265384521 -2.53067115479 9.18655177002 1.14203419189
2.58813199463 9.69651672363 -2.39659586182 -2.51870014648 9.1817633667 1.12766898193
2.59531459961 9.70130512695 -2.33434661865 -2.59531459961 9.11951412354 1.18273562012
2.5234885498 9.66778630371 -2.35589443359 -2.51630594482 9.16260975342 1.15879360352
2.55700737305 9.73003554687 -2.39899006348 -2.48996972656 9.16021555176 1.18512982178
2.62165081787 9.68933411865 -2.36307703857 -2.49236392822 9.25119521484 1.12766898193
2.63122762451 9.67975731201 -2.30801040039 -2.5115175415 9.18415756836 1.20428343506
2.59531459961 9.70369932861 -2.3918074585 -2.4157494751 9.19134017334 1.23061965332
2.55700737305 9.73003554687 -2.38701905518 -2.49475812988 9.05247647705 1.11330377197
2.55221896973 9.69172832031 -2.34392342529 -2.53067115479 9.18655177002 1.1659762085
2.5234885498 9.74200655518 -2.35110603027 -2.54024796143 9.19612857666 1.17076461182
2.58094938965 9.70848773193 -2.35110603027 -2.47081611328 9.19612857666 1.18512982178
2.54264216309 9.67975731201 -2.37504804687 -2.48518132324 9.1578213501 1.18752402344
2.56658417969 9.65820949707 -2.38701905518 -2.50194073486 9.05726488037 1.11809217529
2.54743056641 9.69412252197 -2.37504804687 -2.49715233154 9.193734375 1.13963999023
2.54743056641 9.80425579834 -2.41814367676 -2.4875755249 9.13148513184 1.19949503174
2.63122762451 9.71327613525 -2.37504804687 -2.48518132324 9.23443580322 1.15879360352
2.55940157471 9.71088193359 -2.39420166016 -2.54264216309 9.20331118164 1.16118780518
2.54743056641 9.70609353027 -2.35110603027 -2.46842191162 9.2057053833 1.15161099854
2.46602770996 9.69412252197 -2.36786544189 -2.60010300293 9.18415756836 1.13724578857
2.58094938965 9.68454571533 -2.39420166016 -2.51870014648 9.15303294678 1.13485158691
2.60489140625 9.76116016846 -2.37025964355 -2.48039291992 9.19852277832 1.24498486328
2.45645090332 9.77552537842 -2.40138426514 -2.47799871826 9.1697923584 1.1779472168
2.64080443115 9.76116016846 -2.31998140869 -2.4636335083 9.22007059326 1.13485158691
2.54024796143 9.74440075684 -2.36307703857 -2.50433493652 9.2057053833 1.12048637695
2.58813199463 9.68215151367 -2.4516625 -2.54024796143 9.20331118164 1.07739074707
2.58094938965 9.71088193359 -2.36786544189 -2.50912333984 9.16021555176 1.18034141846
2.59292039795 9.74200655518 -2.35589443359 -2.49715233154 9.16021555176 1.27132108154
2.58094938965 9.71806453857 -2.3918074585 -2.50194073486 9.2176763916 1.36948334961
2.61207401123 9.72285294189 -2.39420166016 -2.51391174316 9.21288798828 1.07978494873
2.56658417969 9.72524714355 -2.42053787842 -2.52827695312 9.16260975342 1.17076461182
2.58094938965 9.69172832031 -2.35828863525 -2.53545955811 9.18894597168 1.14921679688
2.56897838135 9.75637176514 -2.36307703857 -2.47321031494 9.18415756836 1.21146604004
2.60489140625 9.7348239502 -2.35350023193 -2.45884510498 9.16021555176 1.14442839355
2.57137258301 9.76116016846 -2.33913502197 -2.4636335083 9.22725319824 1.1899182251
2.51391174316 9.67257470703 -2.32716401367 -2.54982476807 9.16260975342 1.22104284668
2.49715233154 9.71806453857 -2.34152922363 -2.52588275146 9.19852277832 1.22343704834
2.50194073486 9.68215151367 -2.36547124023 -2.47799871826 9.193734375 1.36230074463
2.56658417969 9.70848773193 -2.40856687012 -2.45884510498 9.17458076172 1.14203419189
2.46602770996 9.70848773193 -2.31519300537 -2.50194073486 9.1338793335 1.08936175537
2.59770880127 9.71567033691 -2.43729729004 -2.47321031494 9.05008227539 1.18273562012
2.55221896973 9.67736311035 -2.45405670166 -2.54982476807 9.16260975342 1.14442839355
2.53785375977 9.71806453857 -2.35110603027 -2.59052619629 9.18655177002 1.17315881348
2.57616098633 9.74918916016 -2.4157494751 -2.47799871826 9.17218656006 1.10372696533
2.61446821289 9.71327613525 -2.28885678711 -2.47321031494 9.1817633667 1.24498486328
2.58813199463 9.70609353027 -2.35589443359 -2.5234885498 9.15063874512 1.19710083008
2.60010300293 9.69172832031 -2.36547124023 -2.50672913818 9.33020386963 1.12766898193
2.45884510498 9.71088193359 -2.40138426514 -2.46602770996 9.21049378662 1.17076461182
2.4995465332 9.73003554687 -2.38701905518 -2.56897838135 9.20091697998 1.20907183838
2.58813199463 9.69412252197 -2.33195241699 -2.53306535645 9.31583865967 1.13485158691
2.55940157471 9.70609353027 -2.30561619873 -2.47799871826 9.15303294678 1.10372696533
2.58813199463 9.70848773193 -2.33913502197 -2.4756045166 9.25598361816 1.20907183838
2.57855518799 9.70130512695 -2.36547124023 -2.50194073486 9.20091697998 1.20428343506
2.4516625 9.74200655518 -2.32716401367 -2.51870014648 9.22007059326 1.13963999023
2.62165081787 9.67496890869 -2.37504804687 -2.55461317139 9.14824454346 1.31681091309
2.5234885498 9.71327613525 -2.32476981201 -2.51870014648 9.16739815674 1.17076461182
2.57616098633 9.73242974854 -2.28646258545 -2.4995465332 9.16260975342 1.12766898193
2.68390006104 9.87129344482 -2.30801040039 -2.45884510498 9.32302126465 1.17076461182
2.64798703613 9.60074865723 -2.35589443359 -2.57376678467 9.12430252686 1.11330377197
2.54743056641 9.73003554687 -2.32716401367 -2.62165081787 9.20331118164 1.11090957031
2.58094938965 9.66299790039 -2.26491477051 -2.4157494751 9.20091697998 1.06302553711
2.70784207764 9.78749638672 -2.31998140869 -2.42293208008 9.2416184082 1.01274730225
2.72938989258 9.70848773193 -2.28646258545 -2.38701905518 9.23922420654 1.13485158691
2.58813199463 9.76594857178 -2.33195241699 -2.4636335083 9.22007059326 1.2018892334
2.54982476807 9.66299790039 -2.42293208008 -2.47799871826 9.14106193848 0.960074865723
2.71502468262 9.62947907715 -2.56897838135 -2.58813199463 9.08360109863 1.04866032715
2.54743056641 9.54568201904 -2.44926829834 -2.73657249756 9.1219083252 1.00317049561
2.80361014404 9.70130512695 -2.57376678467 -2.54264216309 9.22725319824 1.01514150391
2.65756384277 9.80665 -2.32476981201 -2.60967980957 9.28950244141 1.00317049561
2.68390006104 9.72285294189 -2.25533796387 -2.30082779541 9.2057053833 1.07499654541
2.83234056396 9.69891092529 -2.23618435059 -2.28406838379 9.2535894165 1.14682259521
2.6862942627 9.80904420166 -2.42532628174 -2.45405670166 9.2176763916 1.13485158691
2.66953485107 9.65342109375 -2.22900174561 -2.56418997803 9.18415756836 1.06541973877
2.74136090088 9.70609353027 -2.29603939209 -2.31519300537 9.2296473999 1.10133276367
