3.64397492676 -8.97107362061 -2.42293208008 0.531512768555 3.98873996582 -9.12430252686
3.56496627197 -8.99740983887 -2.41096107178 0.577002600098 4.02944139404 -9.13627353516
3.55060106201 -8.98304462891 -2.48039291992 0.538695373535 4.10366164551 -9.06923588867
3.57454307861 -8.99262143555 -2.43250888672 0.526724365234 4.12042105713 -9.1578213501
3.57214887695 -8.96628521729 -2.54743056641 0.502782348633 4.07014282227 -9.1697923584
3.58890828857 -8.95192000732 -2.4277204834 0.517147558594 4.11084425049 -9.09078370361
3.58651408691 -9.00219824219 -2.44208569336 0.502782348633 4.10366164551 -9.21528218994
3.55060106201 -8.99740983887 -2.47321031494 0.526724365234 4.10605584717 -9.09796630859
3.50271702881 -8.97346782227 -2.45645090332 0.531512768555 4.07014282227 -9.16500395508
3.62721551514 -8.97346782227 -2.44926829834 0.519541760254 4.11084425049 -9.13866773682
3.54820686035 -8.99980404053 -2.58094938965 0.447715710449 4.09887324219 -9.11711992188
3.53144744873 -8.97825622559 -2.4037784668 0.502782348633 4.06535441895 -9.13627353516
3.64636912842 -9.00219824219 -2.31279880371 0.543483776855 4.07493122559 -9.11711992188
3.58890828857 -9.01177504883 -2.39420166016 0.555454785156 4.08450803223 -9.11951412354
3.56975467529 -8.94952580566 -2.42293208008 0.507570751953 4.03901820068 -9.17458076172
3.54341845703 -8.93994899902 -2.44208569336 0.512359155273 4.09169063721 -9.11472572021
3.63439812012 -8.94234320068 -2.45645090332 0.505176550293 4.08450803223 -9.06923588867
3.59369669189 -8.9351605957 -2.59770880127 0.562637390137 4.07493122559 -9.05008227539
3.61285030518 -9.00219824219 -2.38941325684 0.514753356934 4.10366164551 -9.1219083252
3.62242711182 -8.91361278076 -2.34871182861 0.536301171875 4.09408483887 -9.10754311523
3.57454307861 -8.98543883057 -2.40138426514 0.562637390137 4.08450803223 -9.05008227539
3.60327349854 -8.96149681396 -2.14759888916 0.557848986816 4.07732542725 -9.10275471191
3.51468803711 -8.99501563721 -2.40138426514 0.442927307129 4.07493122559 -9.08120689697
3.65594593506 -8.8872765625 -2.49236392822 0.541089575195 4.05817181396 -9.1219083252
3.6894647583 -8.88488236084 -2.52109434814 0.438138903809 4.26167895508 -9.03092866211
3.59130249023 -8.96149681396 -2.41814367676 0.490811340332 3.99113416748 -9.08838950195
3.50032282715 -9.01895765381 -2.32476981201 0.584185205078 4.0557776123 -9.18894597168
3.62003291016 -8.9231895874 -2.60489140625 0.409408483887 4.03662399902 -9.08838950195
3.68467635498 -8.74601866455 -2.53545955811 0.474051928711 4.17069929199 -9.10036051025
3.54102425537 -8.91600698242 -2.38462485352 0.562637390137 4.11802685547 -9.07641849365
3.73974299316 -8.98065042725 -2.37744224854 0.588973608398 4.20661231689 -8.98543883057
3.72298358154 -8.94952580566 -2.42532628174 0.543483776855 4.14196887207 -9.09796630859
3.54820686035 -8.96867941895 -2.40617266846 0.490811340332 4.16591088867 -9.05247647705
3.55060106201 -9.05008227539 -2.33195241699 0.519541760254 4.08690223389 -9.07163009033
3.71819517822 -8.8872765625 -2.54024796143 0.404620080566 4.07971962891 -9.08120689697
3.65594593506 -8.90643017578 -2.50912333984 0.421379492187 4.05098920898 -9.1578213501
3.67509954834 -9.00938084717 -2.29843359375 0.507570751953 4.17069929199 -9.04768807373
3.74453139648 -8.96149681396 -2.48996972656 0.30885201416 4.13957467041 -9.05726488037
3.70622416992 -8.97346782227 -2.20984813232 0.581791003418 4.26886156006 -9.07641849365
3.68467635498 -8.8992475708 -2.42053787842 0.421379492187 4.13957467041 -9.12669672852
3.59609089355 -8.93994899902 -2.37025964355 0.507570751953 4.07971962891 -9.17458076172
3.58890828857 -9.02853446045 -2.40617266846 0.514753356934 4.09408483887 -9.1578213501
3.6535517334 -8.98304462891 -2.26491477051 0.560243188477 4.10366164551 -9.10036051025
3.63200391846 -8.91600698242 -2.47081611328 0.512359155273 4.05817181396 -9.1219083252
3.52665904541 -9.00698664551 -2.38701905518 0.538695373535 4.05817181396 -9.15063874512
3.60087929687 -8.97346782227 -2.33434661865 0.598550415039 4.07971962891 -9.07641849365
3.57933148193 -9.01656345215 -2.35350023193 0.577002600098 4.06296021729 -9.10036051025
3.56736047363 -9.00698664551 -2.34392342529 0.565031591797 4.11563265381 -9.11472572021
3.62003291016 -8.97586202393 -2.27209737549 0.565031591797 4.26886156006 -9.17458076172
3.63918652344 -8.93994899902 -2.38223065186 0.469263525391 4.14436307373 -9.05247647705
3.58651408691 -8.94952580566 -2.32716401367 0.548272180176 4.16830509033 -9.14106193848
3.59848509521 -8.947131604 -2.40617266846 0.483628735352 4.0557776123 -9.06684168701
3.52426484375 -9.02853446045 -2.29843359375 0.524330163574 4.05098920898 -9.16500395508
3.58890828857 -8.92797799072 -2.30561619873 0.31364041748 4.07971962891 -9.14824454346
3.6296097168 -8.95192000732 -2.41096107178 0.46447512207 4.05817181396 -9.29907924805
3.57454307861 -8.98304462891 -2.3798364502 0.509964953613 4.08450803223 -9.09317790527
3.57454307861 -8.96149681396 -2.59292039795 0.490811340332 4.02225878906 -9.16021555176
3.64636912842 -8.93276639404 -2.40617266846 0.521935961914 4.04859500732 -9.1697923584
3.56017786865 -8.95670841064 -2.38701905518 0.543483776855 4.10605584717 -9.16739815674
3.58890828857 -8.93994899902 -2.37504804687 0.529118566895 4.02465299072 -9.16739815674
3.53863005371 -8.99740983887 -2.35110603027 0.557848986816 4.06056601562 -9.05726488037
3.59848509521 -8.96867941895 -2.44447989502 0.495599743652 4.01507618408 -9.18655177002
3.66073433838 -8.947131604 -2.46123930664 0.509964953613 4.09169063721 -9.05965908203
3.58172568359 -8.95192000732 -2.30801040039 0.493205541992 4.07493122559 -9.1338793335
3.59369669189 -8.97586202393 -2.39899006348 0.486022937012 4.10366164551 -9.17458076172
3.55538946533 -8.93994899902 -2.45884510498 0.509964953613 4.04859500732 -9.11233151855
3.55299526367 -9.00459244385 -2.43490308838 0.505176550293 4.07014282227 -9.12909093018
3.62721551514 -8.95192000732 -2.45405670166 0.474051928711 4.0557776123 -9.15542714844
3.66312854004 -8.94952580566 -2.34392342529 0.543483776855 4.07253702393 -9.16021555176
3.58411988525 -8.94473740234 -2.43250888672 0.502782348633 4.02944139404 -9.13148513184
3.57214887695 -9.01656345215 -2.42293208008 0.529118566895 4.03422979736 -9.11711992188
3.6176387085 -8.97107362061 -2.42532628174 0.500388146973 4.09647904053 -9.1578213501
3.50750543213 -9.01895765381 -2.46602770996 0.476446130371 4.04620080566 -9.13866773682
3.54341845703 -8.98783303223 -2.60489140625 0.45489831543 4.08211383057 -9.2057053833
3.56736047363 -8.92558378906 -2.41335527344 0.481234533691 4.06296021729 -9.16500395508
3.57933148193 -8.9591026123 -2.44926829834 0.533906970215 4.07014282227 -9.07881269531
3.54581265869 -8.97107362061 -2.48996972656 0.598550415039 4.01747038574 -9.20091697998
3.56257207031 -8.97346782227 -2.42293208008 0.500388146973 3.98634576416 -9.24880101318
3.62482131348 -8.96149681396 -2.4636335083 0.390254870605 4.05338341064 -9.19852277832
3.55538946533 -9.00938084717 -2.44447989502 0.500388146973 4.09408483887 -9.10754311523
3.56017786865 -8.96628521729 -2.43011468506 0.46447512207 4.00310517578 -9.11472572021
3.59369669189 -9.01895765381 -2.58813199463 0.493205541992 4.05098920898 -9.29429084473
3.58651408691 -8.97586202393 -2.30322199707 0.509964953613 4.06774862061 -9.10754311523
3.57933148193 -8.96389101563 -2.44447989502 0.450109912109 4.043806604 -9.10514891357
3.56496627197 -8.92079538574 -2.43250888672 0.450109912109 4.06774862061 -9.24880101318
3.57454307861 -8.9591026123 -2.4636335083 0.31124621582 4.04859500732 -9.17218656006
3.62003291016 -8.99022723389 -2.40617266846 0.531512768555 4.06774862061 -9.1458503418
3.55778366699 -8.98065042725 -2.41335527344 0.519541760254 4.00549937744 -9.10754311523
3.54341845703 -8.97346782227 -2.43250888672 0.502782348633 4.043806604 -9.14824454346
3.53144744873 -8.98783303223 -2.30561619873 0.514753356934 4.01747038574 -9.05008227539
3.58890828857 -8.97346782227 -2.4277204834 0.529118566895 4.0198645874 -9.09796630859
3.59609089355 -9.00459244385 -2.44926829834 0.514753356934 4.14196887207 -9.12669672852
3.54341845703 -8.91600698242 -2.48996972656 0.316034619141 4.01028778076 -9.14106193848
3.48595761719 -8.97825622559 -2.28167418213 0.603338818359 3.98155736084 -9.10275471191
3.59369669189 -8.947131604 -2.50912333984 0.3064578125 4.07493122559 -9.1219083252
3.63918652344 -8.9351605957 -2.5234885498 0.488417138672 4.06296021729 -9.09078370361
3.55060106201 -9.03092866211 -2.4277204834 0.46447512207 4.03422979736 -9.11711992188
3.62242711182 -8.93755479736 -2.52109434814 0.433350500488 4.04141240234 -9.12909093018
3.54581265869 -8.92797799072 -2.4995465332 0.574608398438 4.0198645874 -9.15063874512
3.61045610352 -8.98304462891 -2.54743056641 0.411802685547 4.08211383057 -9.19852277832
3.59848509521 -8.99262143555 -2.31040460205 0.60812722168 4.05338341064 -9.17458076172
3.59130249023 -8.96149681396 -2.37744224854 0.545877978516 4.06056601562 -9.11951412354
3.6415807251 -8.93994899902 -2.43011468506 0.476446130371 4.00549937744 -9.2296473999
3.56257207031 -9.02135185547 -2.40617266846 0.497993945312 4.03901820068 -9.13866773682
3.60327349854 -9.00219824219 -2.40856687012 0.524330163574 4.06535441895 -9.13627353516
3.58651408691 -8.9351605957 -2.47799871826 0.414196887207 3.98634576416 -9.17218656006
3.56736047363 -9.02135185547 -2.38223065186 0.502782348633 4.06296021729 -9.09078370361
3.62721551514 -8.89685336914 -2.58334359131 0.497993945312 4.02465299072 -9.06444748535
3.57454307861 -8.9591026123 -2.40856687012 0.488417138672 4.043806604 -9.1219083252
3.52426484375 -8.98065042725 -2.4037784668 0.447715710449 4.04859500732 -9.10993731689
3.70622416992 -8.9112185791 -2.43729729004 0.497993945312 4.10366164551 -9.05487067871
3.39258375244 -9.02853446045 -2.39659586182 0.521935961914 4.0318355957 -9.13148513184
3.60087929687 -8.99262143555 -2.40617266846 0.488417138672 4.04859500732 -9.1338793335
3.79959803467 -8.91840118408 -2.52109434814 0.500388146973 4.10126744385 -9.14106193848
3.50750543213 -8.97107362061 -2.4277204834 0.46447512207 3.99831677246 -9.13148513184
3.57454307861 -8.97586202393 -2.38223065186 0.46686932373 4.05338341064 -9.04529387207
3.6296097168 -8.97825622559 -2.42532628174 0.474051928711 4.07253702393 -9.19852277832
3.58411988525 -8.93755479736 -2.39659586182 0.474051928711 4.04141240234 -9.07641849365
3.57454307861 -9.01895765381 -2.31040460205 0.404620080566 4.02944139404 -9.1338793335
3.52665904541 -8.93994899902 -2.44687409668 0.500388146973 4.00310517578 -9.19134017334
3.60806190186 -8.94473740234 -2.45645090332 0.495599743652 4.02944139404 -9.16021555176
3.58172568359 -8.99501563721 -2.3918074585 0.490811340332 4.08450803223 -9.16500395508
3.6176387085 -8.97825622559 -2.4396914917 0.328005627441 4.02704719238 -9.16500395508
3.59848509521 -8.98065042725 -2.41335527344 0.483628735352 4.03662399902 -9.17458076172
3.56975467529 -9.00698664551 -2.37265384521 0.536301171875 4.02704719238 -9.2296473999
3.57214887695 -8.96149681396 -2.46842191162 0.476446130371 3.98873996582 -9.15063874512
3.56736047363 -8.97586202393 -2.39420166016 0.447715710449 3.9959225708 -9.18655177002
3.62482131348 -9.00698664551 -2.42293208008 0.536301171875 4.07014282227 -9.16500395508
3.6296097168 -8.97825622559 -2.44208569336 0.387860668945 4.04620080566 -9.08599530029
3.50271702881 -9.05726488037 -2.35828863525 0.478840332031 4.04859500732 -9.23683000488
3.58411988525 -8.95670841064 -2.4277204834 0.45250411377 4.01028778076 -9.15303294678
3.59848509521 -8.89445916748 -2.48039291992 0.596156213379 4.07014282227 -9.12909093018
3.56975467529 -8.95431420898 -2.43250888672 0.505176550293 4.09408483887 -9.13148513184
3.61045610352 -8.99262143555 -2.43250888672 0.497993945312 4.06056601562 -9.09317790527
3.64876333008 -8.94473740234 -2.4157494751 0.495599743652 4.05338341064 -9.16021555176
3.3710359375 -9.01177504883 -2.37265384521 0.46686932373 4.01507618408 -9.11951412354
3.65834013672 -8.98065042725 -2.33674082031 0.447715710449 4.07014282227 -9.12669672852
3.53384165039 -8.947131604 -2.36786544189 0.509964953613 4.04620080566 -9.19134017334
3.61285030518 -8.93994899902 -2.37265384521 0.46686932373 4.09169063721 -9.10754311523
3.58890828857 -9.00459244385 -2.46842191162 0.481234533691 4.03422979736 -9.14345614014
3.55778366699 -8.93276639404 -2.42293208008 0.46208092041 3.99113416748 -9.16500395508
3.56257207031 -8.9591026123 -2.43250888672 0.478840332031 4.03422979736 -9.13148513184
3.62482131348 -8.94473740234 -2.4277204834 0.469263525391 4.08929643555 -9.10754311523
3.58651408691 -8.9591026123 -2.4396914917 0.45250411377 4.03422979736 -9.22007059326
3.54102425537 -9.00459244385 -2.48278712158 0.483628735352 3.95761534424 -9.17458076172
3.6655227417 -8.9591026123 -2.58813199463 0.442927307129 4.04859500732 -9.17458076172
3.54581265869 -8.97107362061 -2.30561619873 0.471657727051 4.02465299072 -9.10754311523
3.61524450684 -9.00698664551 -2.4037784668 0.433350500488 4.043806604 -9.17218656006
3.58172568359 -8.94952580566 -2.48518132324 0.45250411377 4.04859500732 -9.15063874512
3.60806190186 -8.98543883057 -2.55940157471 0.371101257324 4.01747038574 -9.19134017334
3.54341845703 -8.97107362061 -2.42293208008 0.495599743652 4.01028778076 -9.04529387207
3.58172568359 -8.91361278076 -2.46123930664 0.435744702148 4.02225878906 -9.17697496338
3.58651408691 -8.96389101563 -2.4875755249 0.390254870605 4.10605584717 -9.18655177002
3.56496627197 -8.98783303223 -2.47081611328 0.390254870605 4.02225878906 -9.29668504639
3.58411988525 -8.97825622559 -2.51391174316 0.399831677246 4.07253702393 -9.14345614014
3.65115753174 -8.90882437744 -2.33195241699 0.373495458984 4.06535441895 -9.13627353516
3.64397492676 -8.96389101563 -2.43729729004 0.435744702148 4.05338341064 -9.08599530029
3.62242711182 -8.97107362061 -2.41814367676 0.490811340332 4.06535441895 -9.04289967041
3.6415807251 -8.90164177246 -2.50672913818 0.426167895508 4.06296021729 -9.14106193848
3.57454307861 -8.96867941895 -2.43250888672 0.46447512207 4.05817181396 -9.08120689697
3.62003291016 -8.9112185791 -2.56897838135 0.395043273926 4.01268198242 -9.11472572021
3.56496627197 -8.91600698242 -2.42053787842 0.46208092041 4.03662399902 -9.12669672852
3.65834013672 -8.92079538574 -2.48996972656 0.399831677246 4.07493122559 -9.15542714844
3.54820686035 -9.18655177002 -2.41335527344 0.495599743652 4.02944139404 -9.14345614014
3.6176387085 -8.9351605957 -2.37265384521 0.440533105469 4.05098920898 -9.10754311523
3.53623585205 -9.00219824219 -2.34871182861 0.524330163574 4.09169063721 -9.12909093018
3.60087929687 -8.95431420898 -2.5115175415 0.409408483887 4.07732542725 -9.18655177002
3.55060106201 -8.93276639404 -2.4277204834 0.45729251709 4.06535441895 -9.04289967041
3.58651408691 -8.91840118408 -2.45645090332 0.493205541992 4.06056601562 -9.10993731689
3.60327349854 -8.94234320068 -2.58334359131 0.46686932373 4.0198645874 -9.11711992188
3.58411988525 -8.947131604 -2.39420166016 0.490811340332 4.10845004883 -9.10754311523
3.66791694336 -8.94473740234 -2.4277204834 0.495599743652 4.06296021729 -9.06923588867
3.59848509521 -8.98783303223 -2.37265384521 0.45729251709 4.06774862061 -9.06444748535
3.56257207031 -8.97107362061 -2.33674082031 0.476446130371 4.07014282227 -9.1578213501
3.48595761719 -9.01656345215 -2.4516625 0.45968671875 4.01268198242 -9.14106193848
3.66312854004 -8.95431420898 -2.41335527344 0.502782348633 4.14196887207 -9.16739815674
3.61045610352 -8.89685336914 -2.62404501953 0.31124621582 4.05098920898 -9.06684168701
3.65115753174 -9.01895765381 -2.42053787842 0.61052142334 4.08450803223 -9.16739815674
3.71819517822 -8.91600698242 -2.50433493652 0.399831677246 4.06535441895 -9.17218656006
3.50032282715 -9.00698664551 -2.29364519043 0.612915625 4.05817181396 -9.10036051025
3.56017786865 -8.97825622559 -2.30561619873 0.514753356934 4.01028778076 -9.16260975342
3.6415807251 -9.01416925049 -2.43250888672 0.533906970215 4.05817181396 -9.10993731689
3.57454307861 -8.9351605957 -2.42532628174 0.548272180176 4.03662399902 -9.08599530029
3.53384165039 -8.97586202393 -2.41814367676 0.538695373535 4.00071097412 -9.193734375
3.66791694336 -9.03092866211 -2.30561619873 0.519541760254 4.07971962891 -9.11711992188
3.59848509521 -8.99262143555 -2.41096107178 0.598550415039 4.0318355957 -9.18415756836
3.58172568359 -8.95192000732 -2.48278712158 0.402225878906 4.01747038574 -9.09796630859
3.58172568359 -8.97346782227 -2.32955821533 0.572214196777 4.08690223389 -9.14824454346
3.6535517334 -8.93755479736 -2.37504804687 0.529118566895 4.06296021729 -9.16260975342
3.49074602051 -8.97107362061 -2.56418997803 0.469263525391 4.00549937744 -9.09557210693
3.54341845703 -9.00219824219 -2.39659586182 0.531512768555 3.98873996582 -9.16739815674
3.62242711182 -8.96149681396 -2.38701905518 0.536301171875 4.06296021729 -9.1697923584
3.6176387085 -8.97586202393 -2.40138426514 0.500388146973 4.09169063721 -9.10993731689
3.57454307861 -8.92079538574 -2.50194073486 0.46686932373 4.03662399902 -9.1458503418
3.58411988525 -8.8992475708 -2.4037784668 0.476446130371 4.05338341064 -9.10754311523
3.54820686035 -8.97825622559 -2.4157494751 0.505176550293 4.06296021729 -9.16260975342
3.59848509521 -9.00219824219 -2.41814367676 0.476446130371 4.0557776123 -9.16260975342
3.58890828857 -8.95192000732 -2.3798364502 0.497993945312 4.0078935791 -9.1458503418
3.55299526367 -8.98783303223 -2.36068283691 0.569819995117 4.04620080566 -9.10754311523
3.6176387085 -8.99262143555 -2.39659586182 0.483628735352 4.07971962891 -9.07402429199
3.65115753174 -8.97586202393 -2.42293208008 0.557848986816 4.09169063721 -9.11472572021
3.58890828857 -8.97586202393 -2.43490308838 0.497993945312 4.07253702393 -9.13148513184
3.56257207031 -9.00459244385 -2.42293208008 0.483628735352 4.03662399902 -9.14824454346
3.59369669189 -8.94952580566 -2.3798364502 0.490811340332 4.10366164551 -9.10036051025
3.65834013672 -8.93037219238 -2.39899006348 0.529118566895 4.07732542725 -9.13148513184
3.59369669189 -8.98304462891 -2.40138426514 0.538695373535 4.10845004883 -9.07163009033
3.62721551514 -8.95192000732 -2.35350023193 0.514753356934 4.03901820068 -9.12669672852
3.54341845703 -8.96867941895 -2.47321031494 0.497993945312 4.03901820068 -9.17218656006
3.63200391846 -8.99740983887 -2.4875755249 0.481234533691 4.07253702393 -9.1578213501
3.65115753174 -8.93276639404 -2.36547124023 0.481234533691 4.04859500732 -9.10036051025
3.58411988525 -8.97586202393 -2.58334359131 0.435744702148 3.9959225708 -9.16021555176
3.61285030518 -8.947131604 -2.31040460205 0.450109912109 4.08450803223 -9.13627353516
3.6415807251 -8.9591026123 -2.4516625 0.541089575195 3.99113416748 -9.18894597168
3.62242711182 -8.9112185791 -2.31519300537 0.440533105469 4.01268198242 -9.09557210693
3.55778366699 -8.99740983887 -2.41335527344 0.505176550293 3.95761534424 -9.09078370361
3.61045610352 -8.99501563721 -2.36547124023 0.486022937012 4.043806604 -9.07881269531
3.59369669189 -8.92558378906 -2.44208569336 0.45489831543 4.0198645874 -9.193734375
3.62242711182 -8.96149681396 -2.40617266846 0.445321508789 4.04141240234 -9.11472572021
3.56017786865 -8.97107362061 -2.60010300293 0.45968671875 4.02465299072 -9.19134017334
3.59369669189 -8.99262143555 -2.43250888672 0.442927307129 4.06056601562 -9.10036051025
3.60806190186 -9.01416925049 -2.41814367676 0.411802685547 4.05098920898 -9.11711992188
3.57454307861 -8.95431420898 -2.44208569336 0.45968671875 4.04859500732 -9.34456907959
3.56975467529 -8.94473740234 -2.38223065186 0.514753356934 4.05098920898 -9.17458076172
3.61285030518 -8.9591026123 -2.40138426514 0.495599743652 4.04620080566 -9.09317790527
3.57693728027 -8.98304462891 -2.4636335083 0.488417138672 4.05098920898 -9.10036051025
3.59609089355 -8.97586202393 -2.30801040039 0.538695373535 4.10366164551 -9.11472572021
3.6296097168 -8.95431420898 -2.46602770996 0.519541760254 4.08450803223 -9.10514891357
3.54341845703 -8.9112185791 -2.40617266846 0.545877978516 4.03422979736 -9.11233151855
3.58890828857 -8.94473740234 -2.39899006348 0.476446130371 4.05098920898 -9.08360109863
3.62482131348 -8.93994899902 -2.30082779541 0.500388146973 4.11563265381 -9.11951412354
3.58651408691 -8.94234320068 -2.4277204834 0.320823022461 4.06056601562 -9.29189664307
3.58651408691 -8.99501563721 -2.30082779541 0.493205541992 3.9959225708 -9.14106193848
3.58172568359 -8.97346782227 -2.43729729004 0.447715710449 4.04859500732 -9.13627353516
3.58411988525 -8.94952580566 -2.43729729004 0.509964953613 4.04859500732 -9.15542714844
3.62003291016 -8.95431420898 -2.45405670166 0.45729251709 4.03662399902 -9.1697923584
3.54341845703 -8.94952580566 -2.48278712158 0.440533105469 4.03422979736 -9.07881269531
3.54102425537 -9.01416925049 -2.42532628174 0.45729251709 4.03901820068 -9.15063874512
3.72298358154 -8.90882437744 -2.53306535645 0.426167895508 4.06056601562 -9.17697496338
3.54820686035 -8.99740983887 -2.42053787842 0.486022937012 4.043806604 -9.17458076172
3.60327349854 -8.98304462891 -2.41096107178 0.430956298828 4.01747038574 -9.08360109863
3.53384165039 -8.99740983887 -2.42532628174 0.497993945312 4.07493122559 -9.17697496338
3.67270534668 -8.92079538574 -2.36307703857 0.490811340332 4.05338341064 -9.16739815674
3.61045610352 -8.95192000732 -2.49475812988 0.373495458984 4.0318355957 -9.193734375
3.52426484375 -8.96149681396 -2.44687409668 0.45968671875 4.01028778076 -9.20809958496
3.59848509521 -8.96867941895 -2.38941325684 0.426167895508 4.02944139404 -9.22007059326
3.61045610352 -8.95192000732 -2.48278712158 0.332794030762 4.03662399902 -9.1817633667
3.59848509521 -8.99501563721 -2.43490308838 0.442927307129 4.01747038574 -9.14106193848
3.59609089355 -8.95192000732 -2.38701905518 0.435744702148 4.04141240234 -9.10036051025
3.6655227417 -8.90403597412 -2.57855518799 0.337582434082 4.01268198242 -9.1578213501
3.73016618652 -8.88488236084 -2.46123930664 0.363918652344 4.0318355957 -9.12669672852
3.60087929687 -8.947131604 -2.50912333984 0.404620080566 4.03422979736 -9.15542714844
3.58651408691 -8.92558378906 -2.50912333984 0.435744702148 4.02225878906 -9.24401260986
3.63200391846 -8.96149681396 -2.48996972656 0.435744702148 4.05817181396 -9.11951412354
3.61524450684 -8.93037219238 -2.49715233154 0.409408483887 4.02225878906 -9.29668504639
3.58411988525 -9.00219824219 -2.51870014648 0.471657727051 4.0557776123 -9.18894597168
3.63439812012 -8.91840118408 -2.49236392822 0.397437475586 4.05338341064 -9.21049378662
3.55778366699 -9.03092866211 -2.51391174316 0.390254870605 4.01507618408 -9.12430252686
3.58172568359 -8.90882437744 -2.4875755249 0.416591088867 4.00071097412 -9.16739815674
3.6176387085 -8.93037219238 -2.45405670166 0.385466467285 4.0557776123 -9.09078370361
3.58890828857 -8.93276639404 -2.34871182861 0.435744702148 4.11563265381 -9.25837781982
3.66073433838 -8.97825622559 -2.50194073486 0.366312854004 4.07493122559 -9.13627353516
3.6296097168 -8.93994899902 -2.4636335083 0.469263525391 4.0557776123 -9.14824454346
3.57693728027 -8.93755479736 -2.54264216309 0.45729251709 4.02944139404 -9.09796630859
3.64397492676 -9.00698664551 -2.46842191162 0.45250411377 4.0318355957 -9.06205328369
3.54581265869 -9.03811126709 -2.57137258301 0.490811340332 4.00071097412 -9.193734375
3.64876333008 -8.97825622559 -2.4636335083 0.30166940918 4.09169063721 -9.30386765137
3.56017786865 -8.95431420898 -2.41814367676 0.371101257324 4.04859500732 -9.25119521484
3.58651408691 -9.00938084717 -2.31279880371 0.481234533691 4.04620080566 -9.12430252686
3.67988795166 -8.93755479736 -2.41814367676 0.517147558594 4.09887324219 -9.13148513184
3.67988795166 -8.93994899902 -2.41335527344 0.493205541992 4.01268198242 -9.18415756836
3.60806190186 -8.947131604 -2.44208569336 0.488417138672 4.05098920898 -9.13148513184
3.61285030518 -8.94952580566 -2.60489140625 0.435744702148 4.0557776123 -9.19134017334
3.58411988525 -8.94473740234 -2.53306535645 0.378283862305 4.0078935791 -9.10275471191
3.59848509521 -8.98783303223 -2.42053787842 0.447715710449 4.06535441895 -9.1578213501
3.6535517334 -8.95670841064 -2.56179577637 0.46447512207 4.06296021729 -9.05008227539
3.82354005127 -8.95670841064 -2.53785375977 0.476446130371 4.08450803223 -9.17458076172
3.54341845703 -8.95192000732 -2.4995465332 0.426167895508 4.02225878906 -9.20091697998
3.67988795166 -8.91840118408 -2.55940157471 0.392649072266 4.10605584717 -9.10036051025
3.73974299316 -8.88967076416 -2.4995465332 0.440533105469 4.05098920898 -9.13627353516
3.64876333008 -8.98065042725 -2.40138426514 0.46447512207 4.04141240234 -9.1458503418
3.65834013672 -8.95192000732 -2.50433493652 0.318428820801 4.0557776123 -9.1458503418
3.52426484375 -8.96628521729 -2.52109434814 0.430956298828 4.07014282227 -9.04529387207
3.6535517334 -8.94952580566 -2.48518132324 0.414196887207 4.07014282227 -9.06205328369
3.63679232178 -8.8992475708 -2.51391174316 0.423773693848 4.09169063721 -9.193734375
3.67988795166 -8.93994899902 -2.57855518799 0.46208092041 4.07493122559 -9.07402429199
3.6176387085 -8.9231895874 -2.57137258301 0.46686932373 4.02944139404 -9.12430252686
3.61285030518 -8.88009395752 -2.55461317139 0.344765039063 4.0198645874 -9.23204160156
3.64876333008 -8.99022723389 -2.46602770996 0.416591088867 4.02944139404 -9.30626185303
3.64636912842 -8.8992475708 -2.55940157471 0.383072265625 4.03422979736 -9.08360109863
3.56257207031 -8.76756647949 -2.57376678467 0.387860668945 4.03662399902 -9.15303294678
3.65115753174 -8.94952580566 -2.55461317139 0.399831677246 4.07971962891 -9.14106193848
3.65594593506 -8.92797799072 -2.52827695312 0.385466467285 4.05098920898 -9.10993731689
3.59130249023 -8.93037219238 -2.50194073486 0.30885201416 4.00071097412 -9.1817633667
3.57693728027 -8.96149681396 -2.47081611328 0.395043273926 4.06056601562 -9.16021555176
3.66791694336 -8.85375773926 -2.4636335083 0.3064578125 4.04141240234 -9.16500395508
3.55299526367 -8.95431420898 -2.49236392822 0.435744702148 3.99831677246 -9.18894597168
3.63918652344 -8.91600698242 -2.44447989502 0.414196887207 4.05098920898 -9.11711992188
3.71101257324 -8.93755479736 -2.48996972656 0.366312854004 4.05338341064 -9.12430252686
3.54820686035 -8.93037219238 -2.47321031494 0.430956298828 4.02465299072 -9.10514891357
3.68228215332 -8.8872765625 -2.51630594482 0.385466467285 4.12520946045 -9.20331118164
3.69664736328 -8.88488236084 -2.57855518799 0.363918652344 4.03422979736 -9.09796630859
3.6056677002 -8.93994899902 -2.54982476807 0.385466467285 3.96958635254 -9.1458503418
3.66312854004 -8.92079538574 -2.46123930664 0.483628735352 4.06535441895 -9.20331118164
3.67988795166 -8.9591026123 -2.45645090332 0.363918652344 4.0557776123 -9.12669672852
3.65594593506 -8.95670841064 -2.56897838135 0.368707055664 4.09169063721 -9.18655177002
3.60087929687 -8.93755479736 -2.65995804443 0.30885201416 4.07014282227 -9.06444748535
3.63918652344 -8.95431420898 -2.60010300293 0.435744702148 4.07732542725 -9.05247647705
3.68228215332 -8.95192000732 -2.46602770996 0.363918652344 4.06535441895 -9.1219083252
3.62721551514 -8.90403597412 -2.56418997803 0.3064578125 4.05098920898 -9.17697496338
3.7373487915 -8.8753055542 -2.53306535645 0.277727392578 4.13239206543 -9.13148513184
3.57693728027 -8.90643017578 -2.53545955811 0.347159240723 4.06296021729 -9.10993731689
3.6535517334 -8.96628521729 -2.55221896973 0.31124621582 4.06774862061 -9.14106193848
3.7134067749 -8.95192000732 -2.46123930664 0.344765039063 4.05098920898 -9.09078370361
3.53384165039 -8.92558378906 -2.55940157471 0.320823022461 4.07971962891 -9.20091697998
3.70382996826 -8.89685336914 -2.56658417969 0.320823022461 4.02704719238 -9.17218656006
3.66073433838 -8.9112185791 -2.75572611084 0.256179577637 4.06296021729 -9.18655177002
3.76368500977 -8.8753055542 -2.52109434814 0.16041151123 4.28562097168 -9.10036051025
3.71101257324 -8.86094034424 -2.57137258301 0.363918652344 4.09647904053 -9.06684168701
3.78523282471 -8.86572874756 -2.60728560791 0.287304199219 4.10845004883 -9.11472572021
3.6415807251 -8.92079538574 -2.48996972656 0.323217224121 4.05338341064 -9.11951412354
3.86184727783 -9.04050546875 -2.3918074585 0.368707055664 4.24731374512 -9.10275471191
3.6296097168 -8.97586202393 -2.54024796143 0.378283862305 4.02944139404 -9.13148513184
3.65834013672 -8.99980404053 -2.4157494751 0.356736047363 4.043806604 -9.1817633667
3.76847341309 -8.96867941895 -2.41335527344 0.407014282227 4.16112248535 -9.09796630859
3.64876333008 -8.96867941895 -2.42053787842 0.407014282227 4.12281525879 -9.10036051025
3.65115753174 -8.947131604 -2.50672913818 0.383072265625 3.99352836914 -9.32541546631
3.81396324463 -8.83220992432 -2.53545955811 0.30406361084 4.15393988037 -9.09557210693
3.71580097656 -8.88248815918 -2.63122762451 0.222660754395 4.0557776123 -9.08120689697
3.65834013672 -8.8513635376 -2.59292039795 0.292092602539 4.03901820068 -9.1338793335
3.63200391846 -8.92797799072 -2.68868846436 0.229843359375 3.97437475586 -9.33020386963
3.75650240479 -8.8872765625 -2.7222072876 0.193930334473 4.09169063721 -9.14345614014
3.78283862305 -9.02374605713 -2.54024796143 0.213083947754 4.17309349365 -9.1338793335
3.7373487915 -8.90882437744 -2.46842191162 0.215478149414 4.07014282227 -9.15542714844
3.61524450684 -8.94234320068 -2.63841022949 0.14604630127 4.07732542725 -9.1578213501
3.76129080811 -8.8154505127 -2.68390006104 0.174776721191 4.04141240234 -9.14824454346
3.77086761475 -8.9112185791 -2.61207401123 0.184353527832 4.01747038574 -9.18415756836
3.72777198486 -8.89445916748 -2.64798703613 0.201112939453 4.06774862061 -9.1578213501
3.7493197998 -8.82981572266 -2.62404501953 0.203507141113 4.05817181396 -9.14345614014
3.71580097656 -8.8992475708 -2.50672913818 0.258573779297 4.0557776123 -9.07641849365
3.7253777832 -8.90403597412 -2.54503636475 0.258573779297 4.07971962891 -9.11472572021
3.79002122803 -8.81066210937 -2.54024796143 0.289698400879 4.02944139404 -9.06684168701
3.76607921143 -8.86572874756 -2.45645090332 0.435744702148 4.08211383057 -9.11233151855
3.77326181641 -8.87769975586 -2.55940157471 0.31124621582 4.02704719238 -9.15063874512
3.73495458984 -8.8872765625 -2.58334359131 0.284909997559 4.09408483887 -9.17458076172
3.7493197998 -8.84178673096 -2.48278712158 0.208295544434 4.01747038574 -9.12669672852
3.7014357666 -8.85854614258 -2.60728560791 0.284909997559 4.02944139404 -9.32541546631
3.72777198486 -8.91600698242 -2.59770880127 0.31364041748 4.07493122559 -9.17218656006
3.69185895996 -8.91600698242 -2.58334359131 0.347159240723 4.05098920898 -9.12909093018
3.77326181641 -8.94952580566 -2.45645090332 0.318428820801 4.07732542725 -9.14106193848
3.73016618652 -8.89206496582 -2.59531459961 0.356736047363 4.11084425049 -9.13148513184
3.71101257324 -8.8992475708 -2.5115175415 0.30406361084 4.06056601562 -9.13627353516
3.76607921143 -8.89445916748 -2.59052619629 0.294486804199 4.07014282227 -9.11472572021
3.72298358154 -8.82981572266 -2.5115175415 0.450109912109 4.04620080566 -9.13148513184
3.77805021973 -8.78193168945 -2.64319863281 0.258573779297 4.02465299072 -9.34456907959
3.78283862305 -9.00219824219 -2.52827695312 0.287304199219 4.11563265381 -9.04289967041
3.81156904297 -8.87769975586 -2.46123930664 0.349553442383 4.06296021729 -9.13627353516
3.82832845459 -8.93037219238 -2.55461317139 0.378283862305 4.00071097412 -9.15063874512
